0.000000	-0.219560	0.219560	-0.351568	0.351568	0.000000	0.000000	0.000000	0.000000	0.123422	0.123422	0.004300	0.004300
0.002314	-0.219448	0.219448	-0.351533	0.351533	0.000000	0.000000	0.000000	0.000000	0.123350	0.123350	0.004323	0.004323
0.004628	-0.219106	0.219106	-0.351426	0.351426	0.000000	0.000000	0.000000	0.000000	0.123136	0.123136	0.004392	0.004392
0.006942	-0.218524	0.218524	-0.351248	0.351248	0.000000	0.000000	0.000000	0.000000	0.122780	0.122780	0.004511	0.004511
0.009256	-0.217686	0.217686	-0.350999	0.350999	0.000000	0.000000	0.000000	0.000000	0.122282	0.122282	0.004686	0.004686
0.011570	-0.216563	0.216564	-0.350681	0.350681	0.000000	0.000000	0.000000	0.000000	0.121643	0.121643	0.004924	0.004924
0.013884	-0.215122	0.215122	-0.350293	0.350293	0.000000	0.000000	0.000000	0.000000	0.120859	0.120859	0.005237	0.005237
0.016197	-0.213315	0.213315	-0.349838	0.349838	0.000000	0.000000	0.000000	0.000000	0.119923	0.119923	0.005637	0.005637
0.018511	-0.211080	0.211081	-0.349316	0.349316	0.000000	0.000000	0.000000	0.000000	0.118820	0.118820	0.006140	0.006140
0.020825	-0.208342	0.208342	-0.348729	0.348729	0.000000	0.000000	0.000000	0.000000	0.117521	0.117521	0.006764	0.006764
0.023139	-0.205002	0.205003	-0.348078	0.348078	0.000000	0.000000	0.000000	0.000000	0.115974	0.115974	0.007531	0.007531
0.025453	-0.200944	0.200945	-0.347366	0.347366	0.000000	0.000000	0.000000	0.000000	0.114092	0.114092	0.008463	0.008463
0.027767	-0.196026	0.196027	-0.346594	0.346594	0.000000	0.000000	0.000000	0.000000	0.111730	0.111730	0.009586	0.009586
0.030081	-0.190090	0.190091	-0.345765	0.345765	0.000000	0.000000	0.000000	0.000000	0.108648	0.108648	0.010928	0.010928
0.032395	-0.182981	0.182983	-0.344882	0.344882	0.000000	0.000000	0.000000	0.000000	0.104452	0.104452	0.012518	0.012518
0.034709	-0.174592	0.174593	-0.343946	0.343946	0.000000	0.000000	0.000000	0.000000	0.098511	0.098510	0.014384	0.014384
0.037023	-0.164960	0.164962	-0.342962	0.342962	0.000000	0.000000	0.000000	0.000000	0.089827	0.089827	0.016555	0.016555
0.039337	-0.154456	0.154459	-0.341931	0.341931	0.000000	0.000000	0.000000	0.000000	0.076940	0.076940	0.019058	0.019058
0.041651	-0.144044	0.144047	-0.340858	0.340858	0.000000	0.000000	0.000000	0.000000	0.058042	0.058042	0.021916	0.021916
0.043964	-0.135488	0.135492	-0.339746	0.339746	0.000000	0.000000	0.000000	0.000000	0.031898	0.031899	0.025145	0.025145
0.046278	-0.131057	0.131061	-0.338599	0.338599	0.000000	0.000000	0.000000	0.000000	0.000010	0.000010	0.028756	0.028756
0.048592	-0.132305	0.132308	-0.337421	0.337421	0.000000	0.000000	0.000000	0.000000	0.031940	0.031939	0.032749	0.032749
0.050906	-0.138749	0.138752	-0.336217	0.336217	0.000000	0.000000	0.000000	0.000000	0.057401	0.057400	0.037117	0.037117
0.053220	-0.148157	0.148160	-0.334991	0.334991	0.000000	0.000000	0.000000	0.000000	0.073979	0.073978	0.041840	0.041840
0.055534	-0.158098	0.158100	-0.333749	0.333749	0.000000	0.000000	0.000000	0.000000	0.083352	0.083351	0.046889	0.046889
0.057848	-0.166995	0.166996	-0.332496	0.332496	0.000000	0.000000	0.000000	0.000000	0.088312	0.088311	0.052226	0.052226
0.060162	-0.174196	0.174197	-0.331236	0.331236	0.000000	0.000000	0.000000	0.000000	0.091104	0.091103	0.057805	0.057805
0.062476	-0.179634	0.179635	-0.329977	0.329977	0.000000	0.000000	0.000000	0.000000	0.093170	0.093169	0.063576	0.063576
0.064790	-0.183484	0.183484	-0.328723	0.328723	0.000000	0.000000	0.000000	0.000000	0.095380	0.095380	0.069488	0.069488
0.067104	-0.185955	0.185955	-0.327479	0.327479	0.000000	0.000000	0.000000	0.000000	0.098285	0.098285	0.075487	0.075487
0.069418	-0.187182	0.187182	-0.326250	0.326250	0.000000	0.000000	0.000000	0.000000	0.102275	0.102275	0.081525	0.081525
0.071731	-0.187163	0.187163	-0.325041	0.325041	0.000000	0.000000	0.000000	0.000000	0.107614	0.107614	0.087557	0.087557
0.074045	-0.185746	0.185746	-0.323855	0.323855	0.000000	0.000000	0.000000	0.000000	0.114258	0.114258	0.093544	0.093544
0.076359	-0.182705	0.182705	-0.322696	0.322696	0.000000	0.000000	0.000000	0.000000	0.121441	0.121441	0.099453	0.099453
0.078673	-0.178010	0.178010	-0.321566	0.321566	0.000000	0.000000	0.000000	0.000000	0.127619	0.127619	0.105257	0.105257
0.080987	-0.172193	0.172193	-0.320468	0.320468	0.000000	0.000000	0.000000	0.000000	0.131874	0.131874	0.110935	0.110935
0.083301	-0.166266	0.166266	-0.319402	0.319402	0.000000	0.000000	0.000000	0.000000	0.135021	0.135021	0.116473	0.116473
0.085615	-0.161061	0.161061	-0.318370	0.318370	0.000000	0.000000	0.000000	0.000000	0.138252	0.138252	0.121860	0.121860
0.087929	-0.156881	0.156881	-0.317372	0.317372	0.000000	0.000000	0.000000	0.000000	0.142011	0.142011	0.127089	0.127089
0.090243	-0.153671	0.153671	-0.316410	0.316410	0.000000	0.000000	0.000000	0.000000	0.146228	0.146228	0.132157	0.132157
0.092557	-0.151267	0.151267	-0.315481	0.315481	0.000000	0.000000	0.000000	0.000000	0.150720	0.150720	0.137064	0.137064
0.094871	-0.149503	0.149503	-0.314587	0.314587	0.000000	0.000000	0.000000	0.000000	0.155329	0.155329	0.141811	0.141811
0.097185	-0.148242	0.148242	-0.313727	0.313727	0.000000	0.000000	0.000000	0.000000	0.159955	0.159955	0.146400	0.146400
0.099499	-0.147382	0.147382	-0.312900	0.312900	0.000000	0.000000	0.000000	0.000000	0.164536	0.164536	0.150836	0.150836
0.101812	-0.146846	0.146846	-0.312105	0.312105	0.000000	0.000000	0.000000	0.000000	0.169036	0.169036	0.155124	0.155124
0.104126	-0.146575	0.146575	-0.311342	0.311342	0.000000	0.000000	0.000000	0.000000	0.173437	0.173437	0.159268	0.159268
0.106440	-0.146524	0.146524	-0.310609	0.310609	0.000000	0.000000	0.000000	0.000000	0.177727	0.177728	0.163274	0.163274
0.108754	-0.146659	0.146659	-0.309906	0.309906	0.000000	0.000000	0.000000	0.000000	0.181905	0.181905	0.167148	0.167148
0.111068	-0.146952	0.146952	-0.309231	0.309231	0.000000	0.000000	0.000000	0.000000	0.185968	0.185968	0.170894	0.170894
0.113382	-0.147380	0.147380	-0.308584	0.308584	0.000000	0.000000	0.000000	0.000000	0.189919	0.189919	0.174519	0.174519
0.115696	-0.147926	0.147926	-0.307964	0.307964	0.000000	0.000000	0.000000	0.000000	0.193760	0.193760	0.178029	0.178029
0.118010	-0.148573	0.148573	-0.307369	0.307369	0.000000	0.000000	0.000000	0.000000	0.197494	0.197494	0.181427	0.181427
0.120324	-0.149310	0.149310	-0.306799	0.306799	0.000000	0.000000	0.000000	0.000000	0.201124	0.201124	0.184720	0.184720
0.122638	-0.150125	0.150125	-0.306253	0.306253	0.000000	0.000000	0.000000	0.000000	0.204655	0.204655	0.187911	0.187911
0.124952	-0.151009	0.151009	-0.305730	0.305730	0.000000	0.000000	0.000000	0.000000	0.208089	0.208089	0.191006	0.191006
0.127266	-0.151954	0.151954	-0.305228	0.305228	0.000000	0.000000	0.000000	0.000000	0.211431	0.211431	0.194010	0.194010
0.129579	-0.152952	0.152952	-0.304748	0.304748	0.000000	0.000000	0.000000	0.000000	0.214683	0.214683	0.196925	0.196925
0.131893	-0.153996	0.153996	-0.304288	0.304288	0.000000	0.000000	0.000000	0.000000	0.217849	0.217849	0.199757	0.199757
0.134207	-0.155083	0.155082	-0.303847	0.303847	0.000000	0.000000	0.000000	0.000000	0.220932	0.220932	0.202509	0.202509
0.136521	-0.156205	0.156205	-0.303425	0.303425	0.000000	0.000000	0.000000	0.000000	0.223934	0.223934	0.205184	0.205184
0.138835	-0.157359	0.157359	-0.303021	0.303021	0.000000	0.000000	0.000000	0.000000	0.226859	0.226859	0.207786	0.207786
0.141149	-0.158541	0.158541	-0.302635	0.302635	0.000000	0.000000	0.000000	0.000000	0.229709	0.229709	0.210318	0.210318
0.143463	-0.159747	0.159747	-0.302265	0.302265	0.000000	0.000000	0.000000	0.000000	0.232486	0.232486	0.212783	0.212783
0.145777	-0.160975	0.160975	-0.301911	0.301911	0.000000	0.000000	0.000000	0.000000	0.235193	0.235193	0.215184	0.215184
0.148091	-0.162220	0.162220	-0.301572	0.301572	0.000000	0.000000	0.000000	0.000000	0.237833	0.237833	0.217524	0.217524
0.150405	-0.163480	0.163480	-0.301248	0.301248	0.000000	0.000000	0.000000	0.000000	0.240406	0.240406	0.219805	0.219805
0.152719	-0.164754	0.164754	-0.300938	0.300938	0.000000	0.000000	0.000000	0.000000	0.242916	0.242916	0.222029	0.222029
0.155033	-0.166038	0.166038	-0.300642	0.300642	0.000000	0.000000	0.000000	0.000000	0.245363	0.245363	0.224199	0.224199
0.157346	-0.167331	0.167331	-0.300358	0.300359	0.000000	0.000000	0.000000	0.000000	0.247750	0.247750	0.226318	0.226318
0.159660	-0.168631	0.168631	-0.300088	0.300088	0.000000	0.000000	0.000000	0.000000	0.250079	0.250079	0.228386	0.228386
0.161974	-0.169936	0.169936	-0.299829	0.299829	0.000000	0.000000	0.000000	0.000000	0.252351	0.252351	0.230407	0.230407
0.164288	-0.171245	0.171245	-0.299582	0.299582	0.000000	0.000000	0.000000	0.000000	0.254568	0.254568	0.232381	0.232381
0.166602	-0.172556	0.172556	-0.299345	0.299346	0.000000	0.000000	0.000000	0.000000	0.256731	0.256731	0.234311	0.234311
0.168916	-0.173869	0.173869	-0.299120	0.299120	0.000000	0.000000	0.000000	0.000000	0.258842	0.258842	0.236198	0.236198
0.171230	-0.175181	0.175181	-0.298905	0.298905	0.000000	0.000000	0.000000	0.000000	0.260902	0.260902	0.238044	0.238044
0.173544	-0.176492	0.176492	-0.298699	0.298699	0.000000	0.000000	0.000000	0.000000	0.262913	0.262913	0.239851	0.239851
0.175858	-0.177802	0.177802	-0.298503	0.298503	0.000000	0.000000	0.000000	0.000000	0.264875	0.264875	0.241619	0.241619
0.178172	-0.179108	0.179108	-0.298316	0.298316	0.000000	0.000000	0.000000	0.000000	0.266791	0.266791	0.243350	0.243350
0.180486	-0.180410	0.180410	-0.298138	0.298138	0.000000	0.000000	0.000000	0.000000	0.268661	0.268661	0.245046	0.245046
0.182800	-0.181708	0.181708	-0.297968	0.297968	0.000000	0.000000	0.000000	0.000000	0.270487	0.270487	0.246707	0.246707
0.185114	-0.183001	0.183001	-0.297806	0.297807	0.000000	0.000000	0.000000	0.000000	0.272269	0.272270	0.248335	0.248335
0.187427	-0.184288	0.184288	-0.297652	0.297653	0.000000	0.000000	0.000000	0.000000	0.274010	0.274010	0.249930	0.249930
0.189741	-0.185569	0.185569	-0.297506	0.297506	0.000000	0.000000	0.000000	0.000000	0.275710	0.275710	0.251495	0.251495
0.192055	-0.186842	0.186842	-0.297366	0.297366	0.000000	0.000000	0.000000	0.000000	0.277369	0.277370	0.253029	0.253029
0.194369	-0.188109	0.188108	-0.297234	0.297234	0.000000	0.000000	0.000000	0.000000	0.278990	0.278991	0.254534	0.254534
0.196683	-0.189367	0.189367	-0.297108	0.297108	0.000000	0.000000	0.000000	0.000000	0.280574	0.280574	0.256011	0.256011
0.198997	-0.190617	0.190617	-0.296988	0.296988	0.000000	0.000000	0.000000	0.000000	0.282120	0.282120	0.257460	0.257460
0.201311	-0.191859	0.191859	-0.296874	0.296874	0.000000	0.000000	0.000000	0.000000	0.283631	0.283631	0.258883	0.258883
0.203625	-0.193091	0.193091	-0.296766	0.296766	0.000000	0.000000	0.000000	0.000000	0.285107	0.285107	0.260279	0.260279
0.205939	-0.194315	0.194315	-0.296664	0.296664	0.000000	0.000000	0.000000	0.000000	0.286548	0.286548	0.261651	0.261651
0.208253	-0.195529	0.195529	-0.296567	0.296567	0.000000	0.000000	0.000000	0.000000	0.287957	0.287957	0.262998	0.262998
0.210567	-0.196733	0.196733	-0.296475	0.296476	0.000000	0.000000	0.000000	0.000000	0.289333	0.289333	0.264322	0.264321
0.212881	-0.197927	0.197927	-0.296389	0.296389	0.000000	0.000000	0.000000	0.000000	0.290678	0.290678	0.265622	0.265622
0.215194	-0.199111	0.199111	-0.296307	0.296307	0.000000	0.000000	0.000000	0.000000	0.291993	0.291993	0.266900	0.266900
0.217508	-0.200285	0.200285	-0.296229	0.296229	0.000000	0.000000	0.000000	0.000000	0.293278	0.293278	0.268156	0.268156
0.219822	-0.201448	0.201448	-0.296156	0.296156	0.000000	0.000000	0.000000	0.000000	0.294533	0.294533	0.269391	0.269390
0.222136	-0.202601	0.202601	-0.296087	0.296087	0.000000	0.000000	0.000000	0.000000	0.295761	0.295761	0.270605	0.270604
0.224450	-0.203743	0.203743	-0.296022	0.296022	0.000000	0.000000	0.000000	0.000000	0.296960	0.296961	0.271798	0.271798
0.226764	-0.204874	0.204874	-0.295961	0.295961	0.000000	0.000000	0.000000	0.000000	0.298133	0.298134	0.272972	0.272972
0.229078	-0.205994	0.205994	-0.295904	0.295904	0.000000	0.000000	0.000000	0.000000	0.299280	0.299281	0.274127	0.274127
0.231392	-0.207104	0.207103	-0.295850	0.295850	0.000000	0.000000	0.000000	0.000000	0.300402	0.300402	0.275263	0.275263
0.233706	-0.208202	0.208202	-0.295799	0.295799	0.000000	0.000000	0.000000	0.000000	0.301499	0.301499	0.276381	0.276381
0.236020	-0.209289	0.209289	-0.295752	0.295752	0.000000	0.000000	0.000000	0.000000	0.302571	0.302571	0.277481	0.277481
0.238334	-0.210365	0.210364	-0.295708	0.295708	0.000000	0.000000	0.000000	0.000000	0.303620	0.303620	0.278564	0.278564
0.240648	-0.211429	0.211429	-0.295667	0.295667	0.000000	0.000000	0.000000	0.000000	0.304646	0.304646	0.279629	0.279629
0.242962	-0.212483	0.212483	-0.295628	0.295628	0.000000	0.000000	0.000000	0.000000	0.305649	0.305650	0.280678	0.280678
0.245275	-0.213525	0.213525	-0.295593	0.295593	0.000000	0.000000	0.000000	0.000000	0.306631	0.306631	0.281711	0.281711
0.247589	-0.214556	0.214556	-0.295559	0.295560	0.000000	0.000000	0.000000	0.000000	0.307592	0.307592	0.282727	0.282727
0.249903	-0.215576	0.215576	-0.295529	0.295529	0.000000	0.000000	0.000000	0.000000	0.308531	0.308532	0.283728	0.283728
0.252217	-0.216585	0.216584	-0.295500	0.295501	0.000000	0.000000	0.000000	0.000000	0.309451	0.309451	0.284714	0.284714
0.254531	-0.217582	0.217582	-0.295474	0.295475	0.000000	0.000000	0.000000	0.000000	0.310351	0.310351	0.285685	0.285685
0.256845	-0.218569	0.218568	-0.295451	0.295451	0.000000	0.000000	0.000000	0.000000	0.311232	0.311232	0.286641	0.286641
0.259159	-0.219544	0.219544	-0.295429	0.295429	0.000000	0.000000	0.000000	0.000000	0.312093	0.312094	0.287583	0.287583
0.261473	-0.220508	0.220508	-0.295409	0.295409	0.000000	0.000000	0.000000	0.000000	0.312937	0.312937	0.288511	0.288511
0.263787	-0.221461	0.221461	-0.295391	0.295391	0.000000	0.000000	0.000000	0.000000	0.313763	0.313763	0.289425	0.289425
0.266101	-0.222403	0.222403	-0.295374	0.295374	0.000000	0.000000	0.000000	0.000000	0.314571	0.314572	0.290326	0.290326
0.268415	-0.223335	0.223335	-0.295359	0.295360	0.000000	0.000000	0.000000	0.000000	0.315363	0.315363	0.291214	0.291214
0.270729	-0.224255	0.224255	-0.295346	0.295347	0.000000	0.000000	0.000000	0.000000	0.316138	0.316138	0.292088	0.292088
0.273042	-0.225165	0.225165	-0.295335	0.295335	0.000000	0.000000	0.000000	0.000000	0.316897	0.316897	0.292950	0.292950
0.275356	-0.226064	0.226064	-0.295324	0.295325	0.000000	0.000000	0.000000	0.000000	0.317640	0.317640	0.293800	0.293800
0.277670	-0.226952	0.226952	-0.295315	0.295316	0.000000	0.000000	0.000000	0.000000	0.318368	0.318368	0.294637	0.294637
0.279984	-0.227830	0.227830	-0.295308	0.295308	0.000000	0.000000	0.000000	0.000000	0.319080	0.319081	0.295463	0.295463
0.282298	-0.228697	0.228697	-0.295301	0.295301	0.000000	0.000000	0.000000	0.000000	0.319778	0.319779	0.296277	0.296276
0.284612	-0.229554	0.229553	-0.295296	0.295296	0.000000	0.000000	0.000000	0.000000	0.320462	0.320463	0.297079	0.297079
0.286926	-0.230400	0.230400	-0.295291	0.295292	0.000000	0.000000	0.000000	0.000000	0.321132	0.321132	0.297870	0.297869
0.289240	-0.231236	0.231236	-0.295288	0.295288	0.000000	0.000000	0.000000	0.000000	0.321789	0.321789	0.298649	0.298649
0.291554	-0.232062	0.232062	-0.295285	0.295286	0.000000	0.000000	0.000000	0.000000	0.322432	0.322432	0.299418	0.299418
0.293868	-0.232878	0.232877	-0.295284	0.295284	0.000000	0.000000	0.000000	0.000000	0.323062	0.323062	0.300176	0.300176
0.296182	-0.233683	0.233683	-0.295283	0.295283	0.000000	0.000000	0.000000	0.000000	0.323679	0.323679	0.300924	0.300924
0.298496	-0.234479	0.234479	-0.295283	0.295283	0.000000	0.000000	0.000000	0.000000	0.324284	0.324284	0.301661	0.301661
0.300809	-0.235265	0.235265	-0.295283	0.295283	0.000000	0.000000	0.000000	0.000000	0.324877	0.324877	0.302389	0.302388
0.303123	-0.236041	0.236041	-0.295284	0.295284	0.000000	0.000000	0.000000	0.000000	0.325458	0.325458	0.303106	0.303105
0.305437	-0.236808	0.236807	-0.295286	0.295286	0.000000	0.000000	0.000000	0.000000	0.326028	0.326028	0.303813	0.303813
0.307751	-0.237565	0.237564	-0.295288	0.295288	0.000000	0.000000	0.000000	0.000000	0.326586	0.326586	0.304511	0.304511
0.310065	-0.238312	0.238312	-0.295291	0.295291	0.000000	0.000000	0.000000	0.000000	0.327133	0.327134	0.305199	0.305199
0.312379	-0.239050	0.239050	-0.295294	0.295294	0.000000	0.000000	0.000000	0.000000	0.327670	0.327670	0.305878	0.305878
0.314693	-0.239779	0.239779	-0.295297	0.295297	0.000000	0.000000	0.000000	0.000000	0.328196	0.328196	0.306548	0.306548
0.317007	-0.240499	0.240498	-0.295301	0.295301	0.000000	0.000000	0.000000	0.000000	0.328712	0.328712	0.307209	0.307209
0.319321	-0.241209	0.241209	-0.295305	0.295305	0.000000	0.000000	0.000000	0.000000	0.329218	0.329218	0.307861	0.307861
0.321635	-0.241911	0.241910	-0.295309	0.295310	0.000000	0.000000	0.000000	0.000000	0.329713	0.329714	0.308504	0.308504
0.323949	-0.242603	0.242603	-0.295314	0.295314	0.000000	0.000000	0.000000	0.000000	0.330200	0.330200	0.309139	0.309139
0.326263	-0.243287	0.243286	-0.295319	0.295319	0.000000	0.000000	0.000000	0.000000	0.330677	0.330677	0.309765	0.309765
0.328577	-0.243962	0.243961	-0.295323	0.295324	0.000000	0.000000	0.000000	0.000000	0.331145	0.331145	0.310383	0.310383
0.330890	-0.244628	0.244628	-0.295328	0.295329	0.000000	0.000000	0.000000	0.000000	0.331603	0.331604	0.310993	0.310993
0.333204	-0.245286	0.245286	-0.295333	0.295334	0.000000	0.000000	0.000000	0.000000	0.332053	0.332054	0.311595	0.311595
0.335518	-0.245935	0.245935	-0.295338	0.295339	0.000000	0.000000	0.000000	0.000000	0.332495	0.332495	0.312189	0.312189
0.337832	-0.246577	0.246576	-0.295343	0.295344	0.000000	0.000000	0.000000	0.000000	0.332928	0.332928	0.312775	0.312775
0.340146	-0.247209	0.247209	-0.295348	0.295349	0.000000	0.000000	0.000000	0.000000	0.333353	0.333353	0.313353	0.313353
0.342460	-0.247834	0.247834	-0.295353	0.295354	0.000000	0.000000	0.000000	0.000000	0.333770	0.333770	0.313924	0.313924
0.344774	-0.248451	0.248450	-0.295358	0.295359	0.000000	0.000000	0.000000	0.000000	0.334178	0.334179	0.314488	0.314488
0.347088	-0.249059	0.249059	-0.295363	0.295363	0.000000	0.000000	0.000000	0.000000	0.334580	0.334580	0.315044	0.315044
0.349402	-0.249660	0.249660	-0.295368	0.295368	0.000000	0.000000	0.000000	0.000000	0.334973	0.334974	0.315593	0.315593
0.351716	-0.250253	0.250253	-0.295372	0.295372	0.000000	0.000000	0.000000	0.000000	0.335360	0.335360	0.316135	0.316135
0.354030	-0.250839	0.250838	-0.295376	0.295377	0.000000	0.000000	0.000000	0.000000	0.335739	0.335739	0.316670	0.316670
0.356344	-0.251417	0.251416	-0.295380	0.295381	0.000000	0.000000	0.000000	0.000000	0.336111	0.336111	0.317199	0.317198
0.358657	-0.251987	0.251986	-0.295384	0.295384	0.000000	0.000000	0.000000	0.000000	0.336476	0.336476	0.317720	0.317720
0.360971	-0.252550	0.252549	-0.295388	0.295388	0.000000	0.000000	0.000000	0.000000	0.336834	0.336834	0.318235	0.318235
0.363285	-0.253105	0.253105	-0.295391	0.295391	0.000000	0.000000	0.000000	0.000000	0.337186	0.337186	0.318743	0.318743
0.365599	-0.253654	0.253653	-0.295394	0.295394	0.000000	0.000000	0.000000	0.000000	0.337531	0.337531	0.319245	0.319244
0.367913	-0.254195	0.254195	-0.295396	0.295397	0.000000	0.000000	0.000000	0.000000	0.337869	0.337870	0.319740	0.319740
0.370227	-0.254729	0.254729	-0.295399	0.295399	0.000000	0.000000	0.000000	0.000000	0.338202	0.338202	0.320229	0.320229
0.372541	-0.255257	0.255256	-0.295401	0.295401	0.000000	0.000000	0.000000	0.000000	0.338528	0.338528	0.320712	0.320712
0.374855	-0.255777	0.255777	-0.295402	0.295403	0.000000	0.000000	0.000000	0.000000	0.338848	0.338849	0.321189	0.321189
0.377169	-0.256291	0.256290	-0.295403	0.295404	0.000000	0.000000	0.000000	0.000000	0.339163	0.339163	0.321660	0.321659
0.379483	-0.256798	0.256797	-0.295404	0.295405	0.000000	0.000000	0.000000	0.000000	0.339471	0.339472	0.322125	0.322124
0.381797	-0.257298	0.257297	-0.295405	0.295405	0.000000	0.000000	0.000000	0.000000	0.339774	0.339775	0.322584	0.322583
0.384111	-0.257792	0.257791	-0.295405	0.295405	0.000000	0.000000	0.000000	0.000000	0.340072	0.340072	0.323037	0.323037
0.386424	-0.258279	0.258279	-0.295404	0.295405	0.000000	0.000000	0.000000	0.000000	0.340363	0.340364	0.323485	0.323484
0.388738	-0.258760	0.258760	-0.295403	0.295404	0.000000	0.000000	0.000000	0.000000	0.340650	0.340650	0.323927	0.323927
0.391052	-0.259235	0.259235	-0.295402	0.295402	0.000000	0.000000	0.000000	0.000000	0.340931	0.340932	0.324363	0.324363
0.393366	-0.259704	0.259703	-0.295400	0.295400	0.000000	0.000000	0.000000	0.000000	0.341208	0.341208	0.324795	0.324794
0.395680	-0.260166	0.260166	-0.295397	0.295398	0.000000	0.000000	0.000000	0.000000	0.341479	0.341479	0.325220	0.325220
0.397994	-0.260623	0.260622	-0.295394	0.295395	0.000000	0.000000	0.000000	0.000000	0.341745	0.341745	0.325641	0.325640
0.400308	-0.261073	0.261073	-0.295391	0.295391	0.000000	0.000000	0.000000	0.000000	0.342006	0.342006	0.326056	0.326056
0.402622	-0.261518	0.261517	-0.295387	0.295388	0.000000	0.000000	0.000000	0.000000	0.342263	0.342263	0.326466	0.326466
0.404936	-0.261957	0.261956	-0.295382	0.295383	0.000000	0.000000	0.000000	0.000000	0.342514	0.342515	0.326871	0.326871
0.407250	-0.262390	0.262389	-0.295377	0.295378	0.000000	0.000000	0.000000	0.000000	0.342761	0.342762	0.327271	0.327271
0.409564	-0.262817	0.262817	-0.295372	0.295372	0.000000	0.000000	0.000000	0.000000	0.343004	0.343005	0.327667	0.327666
0.411878	-0.263239	0.263239	-0.295366	0.295366	0.000000	0.000000	0.000000	0.000000	0.343242	0.343243	0.328057	0.328057
0.414192	-0.263656	0.263655	-0.295359	0.295359	0.000000	0.000000	0.000000	0.000000	0.343476	0.343477	0.328442	0.328442
0.416505	-0.264067	0.264066	-0.295352	0.295352	0.000000	0.000000	0.000000	0.000000	0.343706	0.343706	0.328823	0.328823
0.418819	-0.264473	0.264472	-0.295344	0.295344	0.000000	0.000000	0.000000	0.000000	0.343931	0.343931	0.329199	0.329199
0.421133	-0.264873	0.264873	-0.295335	0.295336	0.000000	0.000000	0.000000	0.000000	0.344152	0.344152	0.329571	0.329570
0.423447	-0.265268	0.265268	-0.295326	0.295327	0.000000	0.000000	0.000000	0.000000	0.344369	0.344370	0.329938	0.329937
0.425761	-0.265659	0.265658	-0.295316	0.295317	0.000000	0.000000	0.000000	0.000000	0.344582	0.344583	0.330300	0.330300
0.428075	-0.266044	0.266043	-0.295306	0.295307	0.000000	0.000000	0.000000	0.000000	0.344791	0.344792	0.330658	0.330658
0.430389	-0.266424	0.266423	-0.295295	0.295296	0.000000	0.000000	0.000000	0.000000	0.344996	0.344997	0.331012	0.331011
0.432703	-0.266799	0.266799	-0.295284	0.295284	0.000000	0.000000	0.000000	0.000000	0.345198	0.345198	0.331361	0.331360
0.435017	-0.267169	0.267169	-0.295271	0.295272	0.000000	0.000000	0.000000	0.000000	0.345395	0.345396	0.331706	0.331705
0.437331	-0.267535	0.267534	-0.295258	0.295259	0.000000	0.000000	0.000000	0.000000	0.345589	0.345590	0.332047	0.332046
0.439645	-0.267896	0.267895	-0.295245	0.295246	0.000000	0.000000	0.000000	0.000000	0.345779	0.345780	0.332383	0.332383
0.441959	-0.268252	0.268252	-0.295231	0.295232	0.000000	0.000000	0.000000	0.000000	0.345966	0.345967	0.332716	0.332715
0.444272	-0.268604	0.268603	-0.295216	0.295217	0.000000	0.000000	0.000000	0.000000	0.346149	0.346150	0.333044	0.333044
0.446586	-0.268951	0.268950	-0.295201	0.295201	0.000000	0.000000	0.000000	0.000000	0.346329	0.346329	0.333369	0.333368
0.448900	-0.269294	0.269293	-0.295185	0.295185	0.000000	0.000000	0.000000	0.000000	0.346505	0.346506	0.333689	0.333689
0.451214	-0.269632	0.269631	-0.295168	0.295169	0.000000	0.000000	0.000000	0.000000	0.346678	0.346678	0.334006	0.334005
0.453528	-0.269966	0.269965	-0.295151	0.295151	0.000000	0.000000	0.000000	0.000000	0.346847	0.346848	0.334318	0.334318
0.455842	-0.270295	0.270295	-0.295133	0.295133	0.000000	0.000000	0.000000	0.000000	0.347014	0.347014	0.334627	0.334627
0.458156	-0.270621	0.270620	-0.295114	0.295115	0.000000	0.000000	0.000000	0.000000	0.347177	0.347177	0.334932	0.334932
0.460470	-0.270942	0.270941	-0.295095	0.295095	0.000000	0.000000	0.000000	0.000000	0.347336	0.347337	0.335234	0.335233
0.462784	-0.271259	0.271259	-0.295074	0.295075	0.000000	0.000000	0.000000	0.000000	0.347493	0.347494	0.335531	0.335531
0.465098	-0.271572	0.271572	-0.295054	0.295055	0.000000	0.000000	0.000000	0.000000	0.347647	0.347647	0.335825	0.335825
0.467412	-0.271882	0.271881	-0.295032	0.295033	0.000000	0.000000	0.000000	0.000000	0.347797	0.347798	0.336116	0.336115
0.469726	-0.272187	0.272186	-0.295010	0.295011	0.000000	0.000000	0.000000	0.000000	0.347945	0.347945	0.336403	0.336402
0.472039	-0.272488	0.272487	-0.294988	0.294988	0.000000	0.000000	0.000000	0.000000	0.348089	0.348090	0.336686	0.336686
0.474353	-0.272786	0.272785	-0.294964	0.294965	0.000000	0.000000	0.000000	0.000000	0.348231	0.348231	0.336966	0.336965
0.476667	-0.273079	0.273079	-0.294940	0.294941	0.000000	0.000000	0.000000	0.000000	0.348369	0.348370	0.337242	0.337242
0.478981	-0.273369	0.273369	-0.294915	0.294916	0.000000	0.000000	0.000000	0.000000	0.348505	0.348506	0.337515	0.337515
0.481295	-0.273656	0.273655	-0.294890	0.294891	0.000000	0.000000	0.000000	0.000000	0.348638	0.348639	0.337785	0.337785
0.483609	-0.273939	0.273938	-0.294864	0.294864	0.000000	0.000000	0.000000	0.000000	0.348768	0.348769	0.338051	0.338051
0.485923	-0.274218	0.274217	-0.294837	0.294838	0.000000	0.000000	0.000000	0.000000	0.348896	0.348896	0.338315	0.338314
0.488237	-0.274494	0.274493	-0.294809	0.294810	0.000000	0.000000	0.000000	0.000000	0.349021	0.349021	0.338574	0.338574
0.490551	-0.274766	0.274765	-0.294781	0.294782	0.000000	0.000000	0.000000	0.000000	0.349143	0.349143	0.338831	0.338830
0.492865	-0.275035	0.275034	-0.294752	0.294753	0.000000	0.000000	0.000000	0.000000	0.349262	0.349263	0.339084	0.339084
0.495179	-0.275300	0.275299	-0.294722	0.294723	0.000000	0.000000	0.000000	0.000000	0.349379	0.349379	0.339335	0.339334
0.497493	-0.275562	0.275561	-0.294692	0.294693	0.000000	0.000000	0.000000	0.000000	0.349493	0.349493	0.339582	0.339581
0.499807	-0.275821	0.275820	-0.294661	0.294662	0.000000	0.000000	0.000000	0.000000	0.349604	0.349605	0.339826	0.339825
0.502120	-0.276077	0.276076	-0.294629	0.294630	0.000000	0.000000	0.000000	0.000000	0.349713	0.349714	0.340067	0.340066
0.504434	-0.276329	0.276328	-0.294597	0.294598	0.000000	0.000000	0.000000	0.000000	0.349820	0.349821	0.340305	0.340304
0.506748	-0.276579	0.276578	-0.294564	0.294565	0.000000	0.000000	0.000000	0.000000	0.349924	0.349925	0.340540	0.340539
0.509062	-0.276825	0.276824	-0.294530	0.294531	0.000000	0.000000	0.000000	0.000000	0.350025	0.350026	0.340772	0.340771
0.511376	-0.277068	0.277067	-0.294495	0.294496	0.000000	0.000000	0.000000	0.000000	0.350125	0.350125	0.341001	0.341000
0.513690	-0.277308	0.277307	-0.294460	0.294461	0.000000	0.000000	0.000000	0.000000	0.350221	0.350222	0.341227	0.341226
0.516004	-0.277545	0.277544	-0.294424	0.294425	0.000000	0.000000	0.000000	0.000000	0.350316	0.350316	0.341450	0.341449
0.518318	-0.277780	0.277779	-0.294388	0.294389	0.000000	0.000000	0.000000	0.000000	0.350408	0.350408	0.341670	0.341670
0.520632	-0.278011	0.278010	-0.294350	0.294351	0.000000	0.000000	0.000000	0.000000	0.350497	0.350498	0.341888	0.341887
0.522946	-0.278240	0.278239	-0.294312	0.294313	0.000000	0.000000	0.000000	0.000000	0.350584	0.350585	0.342103	0.342102
0.525260	-0.278466	0.278465	-0.294274	0.294275	0.000000	0.000000	0.000000	0.000000	0.350669	0.350670	0.342315	0.342314
0.527574	-0.278689	0.278688	-0.294234	0.294235	0.000000	0.000000	0.000000	0.000000	0.350752	0.350753	0.342524	0.342523
0.529887	-0.278909	0.278908	-0.294194	0.294195	0.000000	0.000000	0.000000	0.000000	0.350833	0.350833	0.342731	0.342730
0.532201	-0.279127	0.279126	-0.294153	0.294154	0.000000	0.000000	0.000000	0.000000	0.350911	0.350912	0.342935	0.342934
0.534515	-0.279342	0.279341	-0.294112	0.294113	0.000000	0.000000	0.000000	0.000000	0.350987	0.350988	0.343136	0.343135
0.536829	-0.279554	0.279553	-0.294069	0.294070	0.000000	0.000000	0.000000	0.000000	0.351061	0.351061	0.343334	0.343334
0.539143	-0.279764	0.279763	-0.294026	0.294027	0.000000	0.000000	0.000000	0.000000	0.351132	0.351133	0.343530	0.343529
0.541457	-0.279972	0.279970	-0.293983	0.293984	0.000000	0.000000	0.000000	0.000000	0.351202	0.351203	0.343724	0.343723
0.543771	-0.280176	0.280175	-0.293938	0.293939	0.000000	0.000000	0.000000	0.000000	0.351269	0.351270	0.343914	0.343913
0.546085	-0.280379	0.280378	-0.293893	0.293894	0.000000	0.000000	0.000000	0.000000	0.351334	0.351335	0.344103	0.344102
0.548399	-0.280579	0.280578	-0.293847	0.293848	0.000000	0.000000	0.000000	0.000000	0.351397	0.351398	0.344288	0.344287
0.550713	-0.280776	0.280775	-0.293801	0.293802	0.000000	0.000000	0.000000	0.000000	0.351458	0.351459	0.344471	0.344470
0.553027	-0.280972	0.280970	-0.293753	0.293755	0.000000	0.000000	0.000000	0.000000	0.351517	0.351518	0.344652	0.344651
0.555341	-0.281165	0.281163	-0.293705	0.293707	0.000000	0.000000	0.000000	0.000000	0.351574	0.351575	0.344830	0.344829
0.557654	-0.281355	0.281354	-0.293656	0.293658	0.000000	0.000000	0.000000	0.000000	0.351628	0.351629	0.345006	0.345005
0.559968	-0.281544	0.281542	-0.293607	0.293608	0.000000	0.000000	0.000000	0.000000	0.351681	0.351682	0.345179	0.345178
0.562282	-0.281730	0.281728	-0.293557	0.293558	0.000000	0.000000	0.000000	0.000000	0.351732	0.351733	0.345350	0.345349
0.564596	-0.281914	0.281912	-0.293506	0.293507	0.000000	0.000000	0.000000	0.000000	0.351780	0.351781	0.345519	0.345518
0.566910	-0.282095	0.282094	-0.293454	0.293456	0.000000	0.000000	0.000000	0.000000	0.351827	0.351828	0.345685	0.345684
0.569224	-0.282275	0.282274	-0.293402	0.293403	0.000000	0.000000	0.000000	0.000000	0.351871	0.351873	0.345849	0.345848
0.571538	-0.282453	0.282451	-0.293349	0.293350	0.000000	0.000000	0.000000	0.000000	0.351914	0.351915	0.346010	0.346009
0.573852	-0.282628	0.282627	-0.293295	0.293297	0.000000	0.000000	0.000000	0.000000	0.351955	0.351956	0.346169	0.346168
0.576166	-0.282802	0.282800	-0.293240	0.293242	0.000000	0.000000	0.000000	0.000000	0.351993	0.351995	0.346326	0.346325
0.578480	-0.282973	0.282971	-0.293185	0.293187	0.000000	0.000000	0.000000	0.000000	0.352030	0.352031	0.346481	0.346479
0.580794	-0.283142	0.283141	-0.293129	0.293131	0.000000	0.000000	0.000000	0.000000	0.352065	0.352066	0.346633	0.346632
0.583108	-0.283310	0.283308	-0.293072	0.293074	0.000000	0.000000	0.000000	0.000000	0.352098	0.352099	0.346783	0.346782
0.585422	-0.283475	0.283474	-0.293015	0.293016	0.000000	0.000000	0.000000	0.000000	0.352129	0.352130	0.346931	0.346929
0.587735	-0.283639	0.283637	-0.292956	0.292958	0.000000	0.000000	0.000000	0.000000	0.352158	0.352159	0.347076	0.347075
0.590049	-0.283801	0.283799	-0.292897	0.292899	0.000000	0.000000	0.000000	0.000000	0.352185	0.352186	0.347219	0.347218
0.592363	-0.283961	0.283959	-0.292837	0.292839	0.000000	0.000000	0.000000	0.000000	0.352210	0.352211	0.347361	0.347359
0.594677	-0.284119	0.284117	-0.292777	0.292779	0.000000	0.000000	0.000000	0.000000	0.352233	0.352235	0.347499	0.347498
0.596991	-0.284275	0.284273	-0.292716	0.292717	0.000000	0.000000	0.000000	0.000000	0.352255	0.352256	0.347636	0.347635
0.599305	-0.284429	0.284427	-0.292653	0.292655	0.000000	0.000000	0.000000	0.000000	0.352274	0.352276	0.347771	0.347769
0.601619	-0.284582	0.284580	-0.292591	0.292593	0.000000	0.000000	0.000000	0.000000	0.352292	0.352293	0.347903	0.347902
0.603933	-0.284733	0.284731	-0.292527	0.292529	0.000000	0.000000	0.000000	0.000000	0.352308	0.352309	0.348034	0.348032
0.606247	-0.284883	0.284880	-0.292462	0.292465	0.000000	0.000000	0.000000	0.000000	0.352322	0.352323	0.348162	0.348160
0.608561	-0.285030	0.285028	-0.292397	0.292399	0.000000	0.000000	0.000000	0.000000	0.352334	0.352335	0.348288	0.348286
0.610875	-0.285176	0.285174	-0.292331	0.292334	0.000000	0.000000	0.000000	0.000000	0.352344	0.352346	0.348412	0.348410
0.613189	-0.285320	0.285318	-0.292264	0.292267	0.000000	0.000000	0.000000	0.000000	0.352352	0.352354	0.348534	0.348532
0.615502	-0.285463	0.285461	-0.292197	0.292199	0.000000	0.000000	0.000000	0.000000	0.352359	0.352361	0.348654	0.348652
0.617816	-0.285604	0.285602	-0.292128	0.292131	0.000000	0.000000	0.000000	0.000000	0.352364	0.352366	0.348772	0.348770
0.620130	-0.285744	0.285741	-0.292059	0.292062	0.000000	0.000000	0.000000	0.000000	0.352367	0.352369	0.348888	0.348886
0.622444	-0.285882	0.285879	-0.291989	0.291992	0.000000	0.000000	0.000000	0.000000	0.352368	0.352370	0.349001	0.348999
0.624758	-0.286018	0.286015	-0.291918	0.291921	0.000000	0.000000	0.000000	0.000000	0.352367	0.352369	0.349113	0.349111
0.627072	-0.286153	0.286150	-0.291847	0.291850	0.000000	0.000000	0.000000	0.000000	0.352364	0.352367	0.349223	0.349221
0.629386	-0.286287	0.286284	-0.291774	0.291777	0.000000	0.000000	0.000000	0.000000	0.352360	0.352362	0.349331	0.349328
0.631700	-0.286419	0.286416	-0.291701	0.291704	0.000000	0.000000	0.000000	0.000000	0.352354	0.352356	0.349436	0.349434
0.634014	-0.286549	0.286546	-0.291627	0.291630	0.000000	0.000000	0.000000	0.000000	0.352346	0.352348	0.349540	0.349538
0.636328	-0.286678	0.286675	-0.291552	0.291555	0.000000	0.000000	0.000000	0.000000	0.352336	0.352339	0.349642	0.349639
0.638642	-0.286806	0.286803	-0.291476	0.291480	0.000000	0.000000	0.000000	0.000000	0.352324	0.352327	0.349742	0.349739
0.640956	-0.286932	0.286929	-0.291399	0.291403	0.000000	0.000000	0.000000	0.000000	0.352311	0.352314	0.349840	0.349837
0.643270	-0.287057	0.287053	-0.291322	0.291326	0.000000	0.000000	0.000000	0.000000	0.352296	0.352299	0.349936	0.349933
0.645583	-0.287181	0.287177	-0.291243	0.291247	0.000000	0.000000	0.000000	0.000000	0.352279	0.352282	0.350030	0.350027
0.647897	-0.287303	0.287299	-0.291164	0.291168	0.000000	0.000000	0.000000	0.000000	0.352260	0.352263	0.350122	0.350118
0.650211	-0.287424	0.287420	-0.291084	0.291088	0.000000	0.000000	0.000000	0.000000	0.352239	0.352243	0.350212	0.350208
0.652525	-0.287544	0.287539	-0.291003	0.291008	0.000000	0.000000	0.000000	0.000000	0.352217	0.352220	0.350300	0.350296
0.654839	-0.287662	0.287657	-0.290921	0.290926	0.000000	0.000000	0.000000	0.000000	0.352193	0.352196	0.350386	0.350383
0.657153	-0.287779	0.287774	-0.290838	0.290843	0.000000	0.000000	0.000000	0.000000	0.352167	0.352171	0.350471	0.350467
0.659467	-0.287895	0.287889	-0.290754	0.290760	0.000000	0.000000	0.000000	0.000000	0.352139	0.352143	0.350553	0.350549
0.661781	-0.288010	0.288003	-0.290669	0.290675	0.000000	0.000000	0.000000	0.000000	0.352109	0.352114	0.350634	0.350630
0.664095	-0.288123	0.288116	-0.290583	0.290590	0.000000	0.000000	0.000000	0.000000	0.352078	0.352083	0.350713	0.350708
0.666409	-0.288235	0.288228	-0.290497	0.290504	0.000000	0.000000	0.000000	0.000000	0.352044	0.352050	0.350790	0.350785
0.668723	-0.288346	0.288338	-0.290409	0.290417	0.000000	0.000000	0.000000	0.000000	0.352009	0.352015	0.350865	0.350859
0.671037	-0.288456	0.288448	-0.290320	0.290329	0.000000	0.000000	0.000000	0.000000	0.351972	0.351979	0.350939	0.350932
0.673350	-0.288565	0.288555	-0.290230	0.290240	0.000000	0.000000	0.000000	0.000000	0.351933	0.351941	0.351010	0.351003
0.675664	-0.288673	0.288662	-0.290139	0.290150	0.000000	0.000000	0.000000	0.000000	0.351893	0.351901	0.351080	0.351072
0.677978	-0.288780	0.288767	-0.290047	0.290060	0.000000	0.000000	0.000000	0.000000	0.351850	0.351860	0.351148	0.351139
0.680292	-0.288886	0.288871	-0.289954	0.289969	0.000000	0.000000	0.000000	0.000000	0.351805	0.351817	0.351215	0.351203
0.682606	-0.288992	0.288973	-0.289859	0.289877	0.000000	0.000000	0.000000	0.000000	0.351758	0.351772	0.351280	0.351266
0.684920	-0.289097	0.289073	-0.289762	0.289786	0.000000	0.000000	0.000000	0.000000	0.351709	0.351727	0.351344	0.351326
0.687234	-0.289203	0.289170	-0.289662	0.289695	0.000000	0.000000	0.000000	0.000000	0.351656	0.351681	0.351408	0.351383
0.689548	-0.289315	0.289260	-0.289555	0.289610	0.000000	0.000000	0.000000	0.000000	0.351597	0.351638	0.351474	0.351433
0.691862	-0.289470	0.289304	-0.289402	0.289568	0.000000	0.000000	0.000000	0.000000	0.351502	0.351627	0.351573	0.351447
0.694176	-0.289470	0.289304	-0.289402	0.289568	0.000000	0.000000	0.000000	0.000000	0.351502	0.351627	0.351573	0.351447
0.696490	-0.289315	0.289260	-0.289555	0.289610	0.000000	0.000000	0.000000	0.000000	0.351597	0.351638	0.351474	0.351433
0.698804	-0.289203	0.289170	-0.289662	0.289695	0.000000	0.000000	0.000000	0.000000	0.351656	0.351681	0.351408	0.351383
0.701117	-0.289097	0.289073	-0.289762	0.289786	0.000000	0.000000	0.000000	0.000000	0.351709	0.351727	0.351344	0.351326
0.703431	-0.288992	0.288973	-0.289859	0.289877	0.000000	0.000000	0.000000	0.000000	0.351758	0.351772	0.351280	0.351266
0.705745	-0.288886	0.288871	-0.289954	0.289969	0.000000	0.000000	0.000000	0.000000	0.351805	0.351817	0.351215	0.351203
0.708059	-0.288780	0.288767	-0.290047	0.290060	0.000000	0.000000	0.000000	0.000000	0.351850	0.351860	0.351148	0.351139
0.710373	-0.288673	0.288662	-0.290139	0.290150	0.000000	0.000000	0.000000	0.000000	0.351893	0.351901	0.351080	0.351072
0.712687	-0.288565	0.288555	-0.290230	0.290240	0.000000	0.000000	0.000000	0.000000	0.351933	0.351941	0.351010	0.351003
0.715001	-0.288456	0.288448	-0.290320	0.290329	0.000000	0.000000	0.000000	0.000000	0.351972	0.351979	0.350939	0.350932
0.717315	-0.288346	0.288338	-0.290409	0.290417	0.000000	0.000000	0.000000	0.000000	0.352009	0.352015	0.350865	0.350859
0.719629	-0.288235	0.288228	-0.290497	0.290504	0.000000	0.000000	0.000000	0.000000	0.352044	0.352050	0.350790	0.350785
0.721943	-0.288123	0.288116	-0.290583	0.290590	0.000000	0.000000	0.000000	0.000000	0.352078	0.352083	0.350713	0.350708
0.724257	-0.288010	0.288003	-0.290669	0.290675	0.000000	0.000000	0.000000	0.000000	0.352109	0.352114	0.350634	0.350630
0.726571	-0.287895	0.287889	-0.290754	0.290760	0.000000	0.000000	0.000000	0.000000	0.352139	0.352143	0.350553	0.350549
0.728885	-0.287779	0.287774	-0.290838	0.290843	0.000000	0.000000	0.000000	0.000000	0.352167	0.352171	0.350471	0.350467
0.731198	-0.287662	0.287657	-0.290921	0.290926	0.000000	0.000000	0.000000	0.000000	0.352193	0.352196	0.350386	0.350383
0.733512	-0.287544	0.287539	-0.291003	0.291008	0.000000	0.000000	0.000000	0.000000	0.352217	0.352220	0.350300	0.350296
0.735826	-0.287424	0.287420	-0.291084	0.291088	0.000000	0.000000	0.000000	0.000000	0.352239	0.352243	0.350212	0.350208
0.738140	-0.287303	0.287299	-0.291164	0.291168	0.000000	0.000000	0.000000	0.000000	0.352260	0.352263	0.350122	0.350118
0.740454	-0.287181	0.287177	-0.291243	0.291247	0.000000	0.000000	0.000000	0.000000	0.352279	0.352282	0.350030	0.350027
0.742768	-0.287057	0.287053	-0.291322	0.291326	0.000000	0.000000	0.000000	0.000000	0.352296	0.352299	0.349936	0.349933
0.745082	-0.286932	0.286929	-0.291399	0.291403	0.000000	0.000000	0.000000	0.000000	0.352311	0.352314	0.349840	0.349837
0.747396	-0.286806	0.286803	-0.291476	0.291480	0.000000	0.000000	0.000000	0.000000	0.352324	0.352327	0.349742	0.349739
0.749710	-0.286678	0.286675	-0.291552	0.291555	0.000000	0.000000	0.000000	0.000000	0.352336	0.352339	0.349642	0.349639
0.752024	-0.286549	0.286546	-0.291627	0.291630	0.000000	0.000000	0.000000	0.000000	0.352346	0.352348	0.349540	0.349538
0.754338	-0.286419	0.286416	-0.291701	0.291704	0.000000	0.000000	0.000000	0.000000	0.352354	0.352356	0.349436	0.349434
0.756652	-0.286287	0.286284	-0.291774	0.291777	0.000000	0.000000	0.000000	0.000000	0.352360	0.352362	0.349331	0.349328
0.758965	-0.286153	0.286150	-0.291847	0.291850	0.000000	0.000000	0.000000	0.000000	0.352364	0.352367	0.349223	0.349221
0.761279	-0.286018	0.286015	-0.291918	0.291921	0.000000	0.000000	0.000000	0.000000	0.352367	0.352369	0.349113	0.349111
0.763593	-0.285882	0.285879	-0.291989	0.291992	0.000000	0.000000	0.000000	0.000000	0.352368	0.352370	0.349001	0.348999
0.765907	-0.285744	0.285741	-0.292059	0.292062	0.000000	0.000000	0.000000	0.000000	0.352367	0.352369	0.348888	0.348886
0.768221	-0.285604	0.285602	-0.292128	0.292131	0.000000	0.000000	0.000000	0.000000	0.352364	0.352366	0.348772	0.348770
0.770535	-0.285463	0.285461	-0.292197	0.292199	0.000000	0.000000	0.000000	0.000000	0.352359	0.352361	0.348654	0.348652
0.772849	-0.285320	0.285318	-0.292264	0.292267	0.000000	0.000000	0.000000	0.000000	0.352352	0.352354	0.348534	0.348532
0.775163	-0.285176	0.285174	-0.292331	0.292334	0.000000	0.000000	0.000000	0.000000	0.352344	0.352346	0.348412	0.348410
0.777477	-0.285030	0.285028	-0.292397	0.292399	0.000000	0.000000	0.000000	0.000000	0.352334	0.352335	0.348288	0.348286
0.779791	-0.284883	0.284880	-0.292462	0.292465	0.000000	0.000000	0.000000	0.000000	0.352322	0.352323	0.348162	0.348160
0.782105	-0.284733	0.284731	-0.292527	0.292529	0.000000	0.000000	0.000000	0.000000	0.352308	0.352309	0.348034	0.348032
0.784419	-0.284582	0.284580	-0.292591	0.292593	0.000000	0.000000	0.000000	0.000000	0.352292	0.352293	0.347903	0.347902
0.786732	-0.284429	0.284427	-0.292653	0.292655	0.000000	0.000000	0.000000	0.000000	0.352274	0.352276	0.347771	0.347769
0.789046	-0.284275	0.284273	-0.292716	0.292717	0.000000	0.000000	0.000000	0.000000	0.352255	0.352256	0.347636	0.347635
0.791360	-0.284119	0.284117	-0.292777	0.292779	0.000000	0.000000	0.000000	0.000000	0.352233	0.352235	0.347499	0.347498
0.793674	-0.283961	0.283959	-0.292837	0.292839	0.000000	0.000000	0.000000	0.000000	0.352210	0.352211	0.347361	0.347359
0.795988	-0.283801	0.283799	-0.292897	0.292899	0.000000	0.000000	0.000000	0.000000	0.352185	0.352186	0.347219	0.347218
0.798302	-0.283639	0.283637	-0.292956	0.292958	0.000000	0.000000	0.000000	0.000000	0.352158	0.352159	0.347076	0.347075
0.800616	-0.283475	0.283474	-0.293015	0.293016	0.000000	0.000000	0.000000	0.000000	0.352129	0.352130	0.346931	0.346929
0.802930	-0.283310	0.283308	-0.293072	0.293074	0.000000	0.000000	0.000000	0.000000	0.352098	0.352099	0.346783	0.346782
0.805244	-0.283142	0.283141	-0.293129	0.293131	0.000000	0.000000	0.000000	0.000000	0.352065	0.352066	0.346633	0.346632
0.807558	-0.282973	0.282971	-0.293185	0.293187	0.000000	0.000000	0.000000	0.000000	0.352030	0.352031	0.346481	0.346479
0.809872	-0.282802	0.282800	-0.293240	0.293242	0.000000	0.000000	0.000000	0.000000	0.351993	0.351995	0.346326	0.346325
0.812186	-0.282628	0.282627	-0.293295	0.293297	0.000000	0.000000	0.000000	0.000000	0.351955	0.351956	0.346169	0.346168
0.814500	-0.282453	0.282451	-0.293349	0.293350	0.000000	0.000000	0.000000	0.000000	0.351914	0.351915	0.346010	0.346009
0.816813	-0.282275	0.282274	-0.293402	0.293403	0.000000	0.000000	0.000000	0.000000	0.351871	0.351873	0.345849	0.345848
0.819127	-0.282095	0.282094	-0.293454	0.293456	0.000000	0.000000	0.000000	0.000000	0.351827	0.351828	0.345685	0.345684
0.821441	-0.281914	0.281912	-0.293506	0.293507	0.000000	0.000000	0.000000	0.000000	0.351780	0.351781	0.345519	0.345518
0.823755	-0.281730	0.281728	-0.293557	0.293558	0.000000	0.000000	0.000000	0.000000	0.351732	0.351733	0.345350	0.345349
0.826069	-0.281544	0.281542	-0.293607	0.293608	0.000000	0.000000	0.000000	0.000000	0.351681	0.351682	0.345179	0.345178
0.828383	-0.281355	0.281354	-0.293656	0.293658	0.000000	0.000000	0.000000	0.000000	0.351628	0.351629	0.345006	0.345005
0.830697	-0.281165	0.281163	-0.293705	0.293707	0.000000	0.000000	0.000000	0.000000	0.351574	0.351575	0.344830	0.344829
0.833011	-0.280972	0.280970	-0.293753	0.293755	0.000000	0.000000	0.000000	0.000000	0.351517	0.351518	0.344652	0.344651
0.835325	-0.280776	0.280775	-0.293801	0.293802	0.000000	0.000000	0.000000	0.000000	0.351458	0.351459	0.344471	0.344470
0.837639	-0.280579	0.280578	-0.293847	0.293848	0.000000	0.000000	0.000000	0.000000	0.351397	0.351398	0.344288	0.344287
0.839953	-0.280379	0.280378	-0.293893	0.293894	0.000000	0.000000	0.000000	0.000000	0.351334	0.351335	0.344103	0.344102
0.842267	-0.280176	0.280175	-0.293938	0.293939	0.000000	0.000000	0.000000	0.000000	0.351269	0.351270	0.343914	0.343913
0.844580	-0.279972	0.279970	-0.293983	0.293984	0.000000	0.000000	0.000000	0.000000	0.351202	0.351203	0.343724	0.343723
0.846894	-0.279764	0.279763	-0.294026	0.294027	0.000000	0.000000	0.000000	0.000000	0.351132	0.351133	0.343530	0.343529
0.849208	-0.279554	0.279553	-0.294069	0.294070	0.000000	0.000000	0.000000	0.000000	0.351061	0.351061	0.343334	0.343334
0.851522	-0.279342	0.279341	-0.294112	0.294113	0.000000	0.000000	0.000000	0.000000	0.350987	0.350988	0.343136	0.343135
0.853836	-0.279127	0.279126	-0.294153	0.294154	0.000000	0.000000	0.000000	0.000000	0.350911	0.350912	0.342935	0.342934
0.856150	-0.278909	0.278908	-0.294194	0.294195	0.000000	0.000000	0.000000	0.000000	0.350833	0.350833	0.342731	0.342730
0.858464	-0.278689	0.278688	-0.294234	0.294235	0.000000	0.000000	0.000000	0.000000	0.350752	0.350753	0.342524	0.342523
0.860778	-0.278466	0.278465	-0.294274	0.294275	0.000000	0.000000	0.000000	0.000000	0.350669	0.350670	0.342315	0.342314
0.863092	-0.278240	0.278239	-0.294312	0.294313	0.000000	0.000000	0.000000	0.000000	0.350584	0.350585	0.342103	0.342102
0.865406	-0.278011	0.278010	-0.294350	0.294351	0.000000	0.000000	0.000000	0.000000	0.350497	0.350498	0.341888	0.341887
0.867720	-0.277780	0.277779	-0.294388	0.294389	0.000000	0.000000	0.000000	0.000000	0.350408	0.350408	0.341670	0.341670
0.870034	-0.277545	0.277544	-0.294424	0.294425	0.000000	0.000000	0.000000	0.000000	0.350316	0.350316	0.341450	0.341449
0.872347	-0.277308	0.277307	-0.294460	0.294461	0.000000	0.000000	0.000000	0.000000	0.350221	0.350222	0.341227	0.341226
0.874661	-0.277068	0.277067	-0.294495	0.294496	0.000000	0.000000	0.000000	0.000000	0.350125	0.350125	0.341001	0.341000
0.876975	-0.276825	0.276824	-0.294530	0.294531	0.000000	0.000000	0.000000	0.000000	0.350025	0.350026	0.340772	0.340771
0.879289	-0.276579	0.276578	-0.294564	0.294565	0.000000	0.000000	0.000000	0.000000	0.349924	0.349925	0.340540	0.340539
0.881603	-0.276329	0.276328	-0.294597	0.294598	0.000000	0.000000	0.000000	0.000000	0.349820	0.349821	0.340305	0.340304
0.883917	-0.276077	0.276076	-0.294629	0.294630	0.000000	0.000000	0.000000	0.000000	0.349713	0.349714	0.340067	0.340066
0.886231	-0.275821	0.275820	-0.294661	0.294662	0.000000	0.000000	0.000000	0.000000	0.349604	0.349605	0.339826	0.339825
0.888545	-0.275562	0.275561	-0.294692	0.294693	0.000000	0.000000	0.000000	0.000000	0.349493	0.349493	0.339582	0.339581
0.890859	-0.275300	0.275299	-0.294722	0.294723	0.000000	0.000000	0.000000	0.000000	0.349379	0.349379	0.339335	0.339334
0.893173	-0.275035	0.275034	-0.294752	0.294753	0.000000	0.000000	0.000000	0.000000	0.349262	0.349263	0.339084	0.339084
0.895487	-0.274766	0.274765	-0.294781	0.294782	0.000000	0.000000	0.000000	0.000000	0.349143	0.349143	0.338831	0.338830
0.897801	-0.274494	0.274493	-0.294809	0.294810	0.000000	0.000000	0.000000	0.000000	0.349021	0.349021	0.338574	0.338574
0.900115	-0.274218	0.274217	-0.294837	0.294838	0.000000	0.000000	0.000000	0.000000	0.348896	0.348896	0.338315	0.338314
0.902428	-0.273939	0.273938	-0.294864	0.294864	0.000000	0.000000	0.000000	0.000000	0.348768	0.348769	0.338051	0.338051
0.904742	-0.273656	0.273655	-0.294890	0.294891	0.000000	0.000000	0.000000	0.000000	0.348638	0.348639	0.337785	0.337785
0.907056	-0.273369	0.273369	-0.294915	0.294916	0.000000	0.000000	0.000000	0.000000	0.348505	0.348506	0.337515	0.337515
0.909370	-0.273079	0.273079	-0.294940	0.294941	0.000000	0.000000	0.000000	0.000000	0.348369	0.348370	0.337242	0.337242
0.911684	-0.272786	0.272785	-0.294964	0.294965	0.000000	0.000000	0.000000	0.000000	0.348231	0.348231	0.336966	0.336965
0.913998	-0.272488	0.272487	-0.294988	0.294988	0.000000	0.000000	0.000000	0.000000	0.348089	0.348090	0.336686	0.336686
0.916312	-0.272187	0.272186	-0.295010	0.295011	0.000000	0.000000	0.000000	0.000000	0.347945	0.347945	0.336403	0.336402
0.918626	-0.271882	0.271881	-0.295032	0.295033	0.000000	0.000000	0.000000	0.000000	0.347797	0.347798	0.336116	0.336115
0.920940	-0.271572	0.271572	-0.295054	0.295055	0.000000	0.000000	0.000000	0.000000	0.347647	0.347647	0.335825	0.335825
0.923254	-0.271259	0.271259	-0.295074	0.295075	0.000000	0.000000	0.000000	0.000000	0.347493	0.347494	0.335531	0.335531
0.925568	-0.270942	0.270941	-0.295095	0.295095	0.000000	0.000000	0.000000	0.000000	0.347336	0.347337	0.335234	0.335233
0.927882	-0.270621	0.270620	-0.295114	0.295115	0.000000	0.000000	0.000000	0.000000	0.347177	0.347177	0.334932	0.334932
0.930195	-0.270295	0.270295	-0.295133	0.295133	0.000000	0.000000	0.000000	0.000000	0.347014	0.347014	0.334627	0.334627
0.932509	-0.269966	0.269965	-0.295151	0.295151	0.000000	0.000000	0.000000	0.000000	0.346847	0.346848	0.334318	0.334318
0.934823	-0.269632	0.269631	-0.295168	0.295169	0.000000	0.000000	0.000000	0.000000	0.346678	0.346678	0.334006	0.334005
0.937137	-0.269294	0.269293	-0.295185	0.295185	0.000000	0.000000	0.000000	0.000000	0.346505	0.346506	0.333689	0.333689
0.939451	-0.268951	0.268950	-0.295201	0.295201	0.000000	0.000000	0.000000	0.000000	0.346329	0.346329	0.333369	0.333368
0.941765	-0.268604	0.268603	-0.295216	0.295217	0.000000	0.000000	0.000000	0.000000	0.346149	0.346150	0.333044	0.333044
0.944079	-0.268252	0.268252	-0.295231	0.295232	0.000000	0.000000	0.000000	0.000000	0.345966	0.345967	0.332716	0.332715
0.946393	-0.267896	0.267895	-0.295245	0.295246	0.000000	0.000000	0.000000	0.000000	0.345779	0.345780	0.332383	0.332383
0.948707	-0.267535	0.267534	-0.295258	0.295259	0.000000	0.000000	0.000000	0.000000	0.345589	0.345590	0.332047	0.332046
0.951021	-0.267169	0.267169	-0.295271	0.295272	0.000000	0.000000	0.000000	0.000000	0.345395	0.345396	0.331706	0.331705
0.953335	-0.266799	0.266799	-0.295284	0.295284	0.000000	0.000000	0.000000	0.000000	0.345198	0.345198	0.331361	0.331360
0.955649	-0.266424	0.266423	-0.295295	0.295296	0.000000	0.000000	0.000000	0.000000	0.344996	0.344997	0.331012	0.331011
0.957962	-0.266044	0.266043	-0.295306	0.295307	0.000000	0.000000	0.000000	0.000000	0.344791	0.344792	0.330658	0.330658
0.960276	-0.265659	0.265658	-0.295316	0.295317	0.000000	0.000000	0.000000	0.000000	0.344582	0.344583	0.330300	0.330300
0.962590	-0.265268	0.265268	-0.295326	0.295327	0.000000	0.000000	0.000000	0.000000	0.344369	0.344370	0.329938	0.329937
0.964904	-0.264873	0.264873	-0.295335	0.295336	0.000000	0.000000	0.000000	0.000000	0.344152	0.344152	0.329571	0.329570
0.967218	-0.264473	0.264472	-0.295344	0.295344	0.000000	0.000000	0.000000	0.000000	0.343931	0.343931	0.329199	0.329199
0.969532	-0.264067	0.264066	-0.295352	0.295352	0.000000	0.000000	0.000000	0.000000	0.343706	0.343706	0.328823	0.328823
0.971846	-0.263656	0.263655	-0.295359	0.295359	0.000000	0.000000	0.000000	0.000000	0.343476	0.343477	0.328442	0.328442
0.974160	-0.263239	0.263239	-0.295366	0.295366	0.000000	0.000000	0.000000	0.000000	0.343242	0.343243	0.328057	0.328057
0.976474	-0.262817	0.262817	-0.295372	0.295372	0.000000	0.000000	0.000000	0.000000	0.343004	0.343005	0.327667	0.327666
0.978788	-0.262390	0.262389	-0.295377	0.295378	0.000000	0.000000	0.000000	0.000000	0.342761	0.342762	0.327271	0.327271
0.981102	-0.261957	0.261956	-0.295382	0.295383	0.000000	0.000000	0.000000	0.000000	0.342514	0.342515	0.326871	0.326871
0.983416	-0.261518	0.261517	-0.295387	0.295388	0.000000	0.000000	0.000000	0.000000	0.342263	0.342263	0.326466	0.326466
0.985730	-0.261073	0.261073	-0.295391	0.295391	0.000000	0.000000	0.000000	0.000000	0.342006	0.342006	0.326056	0.326056
0.988043	-0.260623	0.260622	-0.295394	0.295395	0.000000	0.000000	0.000000	0.000000	0.341745	0.341745	0.325641	0.325640
0.990357	-0.260166	0.260166	-0.295397	0.295398	0.000000	0.000000	0.000000	0.000000	0.341479	0.341479	0.325220	0.325220
0.992671	-0.259704	0.259703	-0.295400	0.295400	0.000000	0.000000	0.000000	0.000000	0.341208	0.341208	0.324795	0.324794
0.994985	-0.259235	0.259235	-0.295402	0.295402	0.000000	0.000000	0.000000	0.000000	0.340931	0.340932	0.324363	0.324363
0.997299	-0.258760	0.258760	-0.295403	0.295404	0.000000	0.000000	0.000000	0.000000	0.340650	0.340650	0.323927	0.323927
0.999613	-0.258279	0.258279	-0.295404	0.295405	0.000000	0.000000	0.000000	0.000000	0.340363	0.340364	0.323485	0.323484
1.001927	-0.257792	0.257791	-0.295405	0.295405	0.000000	0.000000	0.000000	0.000000	0.340072	0.340072	0.323037	0.323037
1.004241	-0.257298	0.257297	-0.295405	0.295405	0.000000	0.000000	0.000000	0.000000	0.339774	0.339775	0.322584	0.322583
1.006555	-0.256798	0.256797	-0.295404	0.295405	0.000000	0.000000	0.000000	0.000000	0.339471	0.339472	0.322125	0.322124
1.008869	-0.256291	0.256290	-0.295403	0.295404	0.000000	0.000000	0.000000	0.000000	0.339163	0.339163	0.321660	0.321659
1.011183	-0.255777	0.255777	-0.295402	0.295403	0.000000	0.000000	0.000000	0.000000	0.338848	0.338849	0.321189	0.321189
1.013497	-0.255257	0.255256	-0.295401	0.295401	0.000000	0.000000	0.000000	0.000000	0.338528	0.338528	0.320712	0.320712
1.015810	-0.254729	0.254729	-0.295399	0.295399	0.000000	0.000000	0.000000	0.000000	0.338202	0.338202	0.320229	0.320229
1.018124	-0.254195	0.254195	-0.295396	0.295397	0.000000	0.000000	0.000000	0.000000	0.337869	0.337870	0.319740	0.319740
1.020438	-0.253654	0.253653	-0.295394	0.295394	0.000000	0.000000	0.000000	0.000000	0.337531	0.337531	0.319245	0.319244
1.022752	-0.253105	0.253105	-0.295391	0.295391	0.000000	0.000000	0.000000	0.000000	0.337186	0.337186	0.318743	0.318743
1.025066	-0.252550	0.252549	-0.295388	0.295388	0.000000	0.000000	0.000000	0.000000	0.336834	0.336834	0.318235	0.318235
1.027380	-0.251987	0.251986	-0.295384	0.295384	0.000000	0.000000	0.000000	0.000000	0.336476	0.336476	0.317720	0.317720
1.029694	-0.251417	0.251416	-0.295380	0.295381	0.000000	0.000000	0.000000	0.000000	0.336111	0.336111	0.317199	0.317198
1.032008	-0.250839	0.250838	-0.295376	0.295377	0.000000	0.000000	0.000000	0.000000	0.335739	0.335739	0.316670	0.316670
1.034322	-0.250253	0.250253	-0.295372	0.295372	0.000000	0.000000	0.000000	0.000000	0.335360	0.335360	0.316135	0.316135
1.036636	-0.249660	0.249660	-0.295368	0.295368	0.000000	0.000000	0.000000	0.000000	0.334973	0.334974	0.315593	0.315593
1.038950	-0.249059	0.249059	-0.295363	0.295363	0.000000	0.000000	0.000000	0.000000	0.334580	0.334580	0.315044	0.315044
1.041264	-0.248451	0.248450	-0.295358	0.295359	0.000000	0.000000	0.000000	0.000000	0.334178	0.334179	0.314488	0.314488
1.043578	-0.247834	0.247834	-0.295353	0.295354	0.000000	0.000000	0.000000	0.000000	0.333770	0.333770	0.313924	0.313924
1.045891	-0.247209	0.247209	-0.295348	0.295349	0.000000	0.000000	0.000000	0.000000	0.333353	0.333353	0.313353	0.313353
1.048205	-0.246577	0.246576	-0.295343	0.295344	0.000000	0.000000	0.000000	0.000000	0.332928	0.332928	0.312775	0.312775
1.050519	-0.245935	0.245935	-0.295338	0.295339	0.000000	0.000000	0.000000	0.000000	0.332495	0.332495	0.312189	0.312189
1.052833	-0.245286	0.245286	-0.295333	0.295334	0.000000	0.000000	0.000000	0.000000	0.332053	0.332054	0.311595	0.311595
1.055147	-0.244628	0.244628	-0.295328	0.295329	0.000000	0.000000	0.000000	0.000000	0.331603	0.331604	0.310993	0.310993
1.057461	-0.243962	0.243961	-0.295323	0.295324	0.000000	0.000000	0.000000	0.000000	0.331145	0.331145	0.310383	0.310383
1.059775	-0.243287	0.243286	-0.295319	0.295319	0.000000	0.000000	0.000000	0.000000	0.330677	0.330677	0.309765	0.309765
1.062089	-0.242603	0.242603	-0.295314	0.295314	0.000000	0.000000	0.000000	0.000000	0.330200	0.330200	0.309139	0.309139
1.064403	-0.241911	0.241910	-0.295309	0.295310	0.000000	0.000000	0.000000	0.000000	0.329713	0.329714	0.308504	0.308504
1.066717	-0.241209	0.241209	-0.295305	0.295305	0.000000	0.000000	0.000000	0.000000	0.329218	0.329218	0.307861	0.307861
1.069031	-0.240499	0.240498	-0.295301	0.295301	0.000000	0.000000	0.000000	0.000000	0.328712	0.328712	0.307209	0.307209
1.071345	-0.239779	0.239779	-0.295297	0.295297	0.000000	0.000000	0.000000	0.000000	0.328196	0.328196	0.306548	0.306548
1.073658	-0.239050	0.239050	-0.295294	0.295294	0.000000	0.000000	0.000000	0.000000	0.327670	0.327670	0.305878	0.305878
1.075972	-0.238312	0.238312	-0.295291	0.295291	0.000000	0.000000	0.000000	0.000000	0.327133	0.327134	0.305199	0.305199
1.078286	-0.237565	0.237564	-0.295288	0.295288	0.000000	0.000000	0.000000	0.000000	0.326586	0.326586	0.304511	0.304511
1.080600	-0.236808	0.236807	-0.295286	0.295286	0.000000	0.000000	0.000000	0.000000	0.326028	0.326028	0.303813	0.303813
1.082914	-0.236041	0.236041	-0.295284	0.295284	0.000000	0.000000	0.000000	0.000000	0.325458	0.325458	0.303106	0.303105
1.085228	-0.235265	0.235265	-0.295283	0.295283	0.000000	0.000000	0.000000	0.000000	0.324877	0.324877	0.302389	0.302388
1.087542	-0.234479	0.234479	-0.295283	0.295283	0.000000	0.000000	0.000000	0.000000	0.324284	0.324284	0.301661	0.301661
1.089856	-0.233683	0.233683	-0.295283	0.295283	0.000000	0.000000	0.000000	0.000000	0.323679	0.323679	0.300924	0.300924
1.092170	-0.232878	0.232877	-0.295284	0.295284	0.000000	0.000000	0.000000	0.000000	0.323062	0.323062	0.300176	0.300176
1.094484	-0.232062	0.232062	-0.295285	0.295286	0.000000	0.000000	0.000000	0.000000	0.322432	0.322432	0.299418	0.299418
1.096798	-0.231236	0.231236	-0.295288	0.295288	0.000000	0.000000	0.000000	0.000000	0.321789	0.321789	0.298649	0.298649
1.099112	-0.230400	0.230400	-0.295291	0.295292	0.000000	0.000000	0.000000	0.000000	0.321132	0.321132	0.297870	0.297869
1.101425	-0.229554	0.229553	-0.295296	0.295296	0.000000	0.000000	0.000000	0.000000	0.320462	0.320463	0.297079	0.297079
1.103739	-0.228697	0.228697	-0.295301	0.295301	0.000000	0.000000	0.000000	0.000000	0.319778	0.319779	0.296277	0.296276
1.106053	-0.227830	0.227830	-0.295308	0.295308	0.000000	0.000000	0.000000	0.000000	0.319080	0.319081	0.295463	0.295463
1.108367	-0.226952	0.226952	-0.295315	0.295316	0.000000	0.000000	0.000000	0.000000	0.318368	0.318368	0.294637	0.294637
1.110681	-0.226064	0.226064	-0.295324	0.295325	0.000000	0.000000	0.000000	0.000000	0.317640	0.317640	0.293800	0.293800
1.112995	-0.225165	0.225165	-0.295335	0.295335	0.000000	0.000000	0.000000	0.000000	0.316897	0.316897	0.292950	0.292950
1.115309	-0.224255	0.224255	-0.295346	0.295347	0.000000	0.000000	0.000000	0.000000	0.316138	0.316138	0.292088	0.292088
1.117623	-0.223335	0.223335	-0.295359	0.295360	0.000000	0.000000	0.000000	0.000000	0.315363	0.315363	0.291214	0.291214
1.119937	-0.222403	0.222403	-0.295374	0.295374	0.000000	0.000000	0.000000	0.000000	0.314571	0.314572	0.290326	0.290326
1.122251	-0.221461	0.221461	-0.295391	0.295391	0.000000	0.000000	0.000000	0.000000	0.313763	0.313763	0.289425	0.289425
1.124565	-0.220508	0.220508	-0.295409	0.295409	0.000000	0.000000	0.000000	0.000000	0.312937	0.312937	0.288511	0.288511
1.126879	-0.219544	0.219544	-0.295429	0.295429	0.000000	0.000000	0.000000	0.000000	0.312093	0.312094	0.287583	0.287583
1.129193	-0.218569	0.218568	-0.295451	0.295451	0.000000	0.000000	0.000000	0.000000	0.311232	0.311232	0.286641	0.286641
1.131506	-0.217582	0.217582	-0.295474	0.295475	0.000000	0.000000	0.000000	0.000000	0.310351	0.310351	0.285685	0.285685
1.133820	-0.216585	0.216584	-0.295500	0.295501	0.000000	0.000000	0.000000	0.000000	0.309451	0.309451	0.284714	0.284714
1.136134	-0.215576	0.215576	-0.295529	0.295529	0.000000	0.000000	0.000000	0.000000	0.308531	0.308532	0.283728	0.283728
1.138448	-0.214556	0.214556	-0.295559	0.295560	0.000000	0.000000	0.000000	0.000000	0.307592	0.307592	0.282727	0.282727
1.140762	-0.213525	0.213525	-0.295593	0.295593	0.000000	0.000000	0.000000	0.000000	0.306631	0.306631	0.281711	0.281711
1.143076	-0.212483	0.212483	-0.295628	0.295628	0.000000	0.000000	0.000000	0.000000	0.305649	0.305650	0.280678	0.280678
1.145390	-0.211429	0.211429	-0.295667	0.295667	0.000000	0.000000	0.000000	0.000000	0.304646	0.304646	0.279629	0.279629
1.147704	-0.210365	0.210364	-0.295708	0.295708	0.000000	0.000000	0.000000	0.000000	0.303620	0.303620	0.278564	0.278564
1.150018	-0.209289	0.209289	-0.295752	0.295752	0.000000	0.000000	0.000000	0.000000	0.302571	0.302571	0.277481	0.277481
1.152332	-0.208202	0.208202	-0.295799	0.295799	0.000000	0.000000	0.000000	0.000000	0.301499	0.301499	0.276381	0.276381
1.154646	-0.207104	0.207103	-0.295850	0.295850	0.000000	0.000000	0.000000	0.000000	0.300402	0.300402	0.275263	0.275263
1.156960	-0.205994	0.205994	-0.295904	0.295904	0.000000	0.000000	0.000000	0.000000	0.299280	0.299281	0.274127	0.274127
1.159273	-0.204874	0.204874	-0.295961	0.295961	0.000000	0.000000	0.000000	0.000000	0.298133	0.298134	0.272972	0.272972
1.161587	-0.203743	0.203743	-0.296022	0.296022	0.000000	0.000000	0.000000	0.000000	0.296960	0.296961	0.271798	0.271798
1.163901	-0.202601	0.202601	-0.296087	0.296087	0.000000	0.000000	0.000000	0.000000	0.295761	0.295761	0.270605	0.270604
1.166215	-0.201448	0.201448	-0.296156	0.296156	0.000000	0.000000	0.000000	0.000000	0.294533	0.294533	0.269391	0.269390
1.168529	-0.200285	0.200285	-0.296229	0.296229	0.000000	0.000000	0.000000	0.000000	0.293278	0.293278	0.268156	0.268156
1.170843	-0.199111	0.199111	-0.296307	0.296307	0.000000	0.000000	0.000000	0.000000	0.291993	0.291993	0.266900	0.266900
1.173157	-0.197927	0.197927	-0.296389	0.296389	0.000000	0.000000	0.000000	0.000000	0.290678	0.290678	0.265622	0.265622
1.175471	-0.196733	0.196733	-0.296475	0.296476	0.000000	0.000000	0.000000	0.000000	0.289333	0.289333	0.264322	0.264321
1.177785	-0.195529	0.195529	-0.296567	0.296567	0.000000	0.000000	0.000000	0.000000	0.287957	0.287957	0.262998	0.262998
1.180099	-0.194315	0.194315	-0.296664	0.296664	0.000000	0.000000	0.000000	0.000000	0.286548	0.286548	0.261651	0.261651
1.182413	-0.193091	0.193091	-0.296766	0.296766	0.000000	0.000000	0.000000	0.000000	0.285107	0.285107	0.260279	0.260279
1.184727	-0.191859	0.191859	-0.296874	0.296874	0.000000	0.000000	0.000000	0.000000	0.283631	0.283631	0.258883	0.258883
1.187040	-0.190617	0.190617	-0.296988	0.296988	0.000000	0.000000	0.000000	0.000000	0.282120	0.282120	0.257460	0.257460
1.189354	-0.189367	0.189367	-0.297108	0.297108	0.000000	0.000000	0.000000	0.000000	0.280574	0.280574	0.256011	0.256011
1.191668	-0.188109	0.188108	-0.297234	0.297234	0.000000	0.000000	0.000000	0.000000	0.278990	0.278991	0.254534	0.254534
1.193982	-0.186842	0.186842	-0.297366	0.297366	0.000000	0.000000	0.000000	0.000000	0.277369	0.277370	0.253029	0.253029
1.196296	-0.185569	0.185569	-0.297506	0.297506	0.000000	0.000000	0.000000	0.000000	0.275710	0.275710	0.251495	0.251495
1.198610	-0.184288	0.184288	-0.297652	0.297653	0.000000	0.000000	0.000000	0.000000	0.274010	0.274010	0.249930	0.249930
1.200924	-0.183001	0.183001	-0.297806	0.297807	0.000000	0.000000	0.000000	0.000000	0.272269	0.272270	0.248335	0.248335
1.203238	-0.181708	0.181708	-0.297968	0.297968	0.000000	0.000000	0.000000	0.000000	0.270487	0.270487	0.246707	0.246707
1.205552	-0.180410	0.180410	-0.298138	0.298138	0.000000	0.000000	0.000000	0.000000	0.268661	0.268661	0.245046	0.245046
1.207866	-0.179108	0.179108	-0.298316	0.298316	0.000000	0.000000	0.000000	0.000000	0.266791	0.266791	0.243350	0.243350
1.210180	-0.177802	0.177802	-0.298503	0.298503	0.000000	0.000000	0.000000	0.000000	0.264875	0.264875	0.241619	0.241619
1.212494	-0.176492	0.176492	-0.298699	0.298699	0.000000	0.000000	0.000000	0.000000	0.262913	0.262913	0.239851	0.239851
1.214808	-0.175181	0.175181	-0.298905	0.298905	0.000000	0.000000	0.000000	0.000000	0.260902	0.260902	0.238044	0.238044
1.217121	-0.173869	0.173869	-0.299120	0.299120	0.000000	0.000000	0.000000	0.000000	0.258842	0.258842	0.236198	0.236198
1.219435	-0.172556	0.172556	-0.299345	0.299346	0.000000	0.000000	0.000000	0.000000	0.256731	0.256731	0.234311	0.234311
1.221749	-0.171245	0.171245	-0.299582	0.299582	0.000000	0.000000	0.000000	0.000000	0.254568	0.254568	0.232381	0.232381
1.224063	-0.169936	0.169936	-0.299829	0.299829	0.000000	0.000000	0.000000	0.000000	0.252351	0.252351	0.230407	0.230407
1.226377	-0.168631	0.168631	-0.300088	0.300088	0.000000	0.000000	0.000000	0.000000	0.250079	0.250079	0.228386	0.228386
1.228691	-0.167331	0.167331	-0.300358	0.300359	0.000000	0.000000	0.000000	0.000000	0.247750	0.247750	0.226318	0.226318
1.231005	-0.166038	0.166038	-0.300642	0.300642	0.000000	0.000000	0.000000	0.000000	0.245363	0.245363	0.224199	0.224199
1.233319	-0.164754	0.164754	-0.300938	0.300938	0.000000	0.000000	0.000000	0.000000	0.242916	0.242916	0.222029	0.222029
1.235633	-0.163480	0.163480	-0.301248	0.301248	0.000000	0.000000	0.000000	0.000000	0.240406	0.240406	0.219805	0.219805
1.237947	-0.162220	0.162220	-0.301572	0.301572	0.000000	0.000000	0.000000	0.000000	0.237833	0.237833	0.217524	0.217524
1.240261	-0.160975	0.160975	-0.301911	0.301911	0.000000	0.000000	0.000000	0.000000	0.235193	0.235193	0.215184	0.215184
1.242575	-0.159747	0.159747	-0.302265	0.302265	0.000000	0.000000	0.000000	0.000000	0.232486	0.232486	0.212783	0.212783
1.244888	-0.158541	0.158541	-0.302635	0.302635	0.000000	0.000000	0.000000	0.000000	0.229709	0.229709	0.210318	0.210318
1.247202	-0.157359	0.157359	-0.303021	0.303021	0.000000	0.000000	0.000000	0.000000	0.226859	0.226859	0.207786	0.207786
1.249516	-0.156205	0.156205	-0.303425	0.303425	0.000000	0.000000	0.000000	0.000000	0.223934	0.223934	0.205184	0.205184
1.251830	-0.155083	0.155082	-0.303847	0.303847	0.000000	0.000000	0.000000	0.000000	0.220932	0.220932	0.202509	0.202509
1.254144	-0.153996	0.153996	-0.304288	0.304288	0.000000	0.000000	0.000000	0.000000	0.217849	0.217849	0.199757	0.199757
1.256458	-0.152952	0.152952	-0.304748	0.304748	0.000000	0.000000	0.000000	0.000000	0.214683	0.214683	0.196925	0.196925
1.258772	-0.151954	0.151954	-0.305228	0.305228	0.000000	0.000000	0.000000	0.000000	0.211431	0.211431	0.194010	0.194010
1.261086	-0.151009	0.151009	-0.305730	0.305730	0.000000	0.000000	0.000000	0.000000	0.208089	0.208089	0.191006	0.191006
1.263400	-0.150125	0.150125	-0.306253	0.306253	0.000000	0.000000	0.000000	0.000000	0.204655	0.204655	0.187911	0.187911
1.265714	-0.149310	0.149310	-0.306799	0.306799	0.000000	0.000000	0.000000	0.000000	0.201124	0.201124	0.184720	0.184720
1.268028	-0.148573	0.148573	-0.307369	0.307369	0.000000	0.000000	0.000000	0.000000	0.197494	0.197494	0.181427	0.181427
1.270342	-0.147926	0.147926	-0.307964	0.307964	0.000000	0.000000	0.000000	0.000000	0.193760	0.193760	0.178029	0.178029
1.272655	-0.147380	0.147380	-0.308584	0.308584	0.000000	0.000000	0.000000	0.000000	0.189919	0.189919	0.174519	0.174519
1.274969	-0.146952	0.146952	-0.309231	0.309231	0.000000	0.000000	0.000000	0.000000	0.185968	0.185968	0.170894	0.170894
1.277283	-0.146659	0.146659	-0.309906	0.309906	0.000000	0.000000	0.000000	0.000000	0.181905	0.181905	0.167148	0.167148
1.279597	-0.146524	0.146524	-0.310609	0.310609	0.000000	0.000000	0.000000	0.000000	0.177727	0.177728	0.163274	0.163274
1.281911	-0.146575	0.146575	-0.311342	0.311342	0.000000	0.000000	0.000000	0.000000	0.173437	0.173437	0.159268	0.159268
1.284225	-0.146846	0.146846	-0.312105	0.312105	0.000000	0.000000	0.000000	0.000000	0.169036	0.169036	0.155124	0.155124
1.286539	-0.147382	0.147382	-0.312900	0.312900	0.000000	0.000000	0.000000	0.000000	0.164536	0.164536	0.150836	0.150836
1.288853	-0.148242	0.148242	-0.313727	0.313727	0.000000	0.000000	0.000000	0.000000	0.159955	0.159955	0.146400	0.146400
1.291167	-0.149503	0.149503	-0.314587	0.314587	0.000000	0.000000	0.000000	0.000000	0.155329	0.155329	0.141811	0.141811
1.293481	-0.151267	0.151267	-0.315481	0.315481	0.000000	0.000000	0.000000	0.000000	0.150720	0.150720	0.137064	0.137064
1.295795	-0.153671	0.153671	-0.316410	0.316410	0.000000	0.000000	0.000000	0.000000	0.146228	0.146228	0.132157	0.132157
1.298109	-0.156881	0.156881	-0.317372	0.317372	0.000000	0.000000	0.000000	0.000000	0.142011	0.142011	0.127089	0.127089
1.300423	-0.161061	0.161061	-0.318370	0.318370	0.000000	0.000000	0.000000	0.000000	0.138252	0.138252	0.121860	0.121860
1.302736	-0.166266	0.166266	-0.319402	0.319402	0.000000	0.000000	0.000000	0.000000	0.135021	0.135021	0.116473	0.116473
1.305050	-0.172193	0.172193	-0.320468	0.320468	0.000000	0.000000	0.000000	0.000000	0.131874	0.131874	0.110935	0.110935
1.307364	-0.178010	0.178010	-0.321566	0.321566	0.000000	0.000000	0.000000	0.000000	0.127619	0.127619	0.105257	0.105257
1.309678	-0.182705	0.182705	-0.322696	0.322696	0.000000	0.000000	0.000000	0.000000	0.121441	0.121441	0.099453	0.099453
1.311992	-0.185746	0.185746	-0.323855	0.323855	0.000000	0.000000	0.000000	0.000000	0.114258	0.114258	0.093544	0.093544
1.314306	-0.187163	0.187163	-0.325041	0.325041	0.000000	0.000000	0.000000	0.000000	0.107614	0.107614	0.087557	0.087557
1.316620	-0.187182	0.187182	-0.326250	0.326250	0.000000	0.000000	0.000000	0.000000	0.102275	0.102275	0.081525	0.081525
1.318934	-0.185955	0.185955	-0.327479	0.327479	0.000000	0.000000	0.000000	0.000000	0.098285	0.098285	0.075487	0.075487
1.321248	-0.183484	0.183484	-0.328723	0.328723	0.000000	0.000000	0.000000	0.000000	0.095380	0.095380	0.069488	0.069488
1.323562	-0.179634	0.179635	-0.329977	0.329977	0.000000	0.000000	0.000000	0.000000	0.093170	0.093169	0.063576	0.063576
1.325876	-0.174196	0.174197	-0.331236	0.331236	0.000000	0.000000	0.000000	0.000000	0.091104	0.091103	0.057805	0.057805
1.328190	-0.166995	0.166996	-0.332496	0.332496	0.000000	0.000000	0.000000	0.000000	0.088312	0.088311	0.052226	0.052226
1.330503	-0.158098	0.158100	-0.333749	0.333749	0.000000	0.000000	0.000000	0.000000	0.083352	0.083351	0.046889	0.046889
1.332817	-0.148157	0.148160	-0.334991	0.334991	0.000000	0.000000	0.000000	0.000000	0.073979	0.073978	0.041840	0.041840
1.335131	-0.138749	0.138752	-0.336217	0.336217	0.000000	0.000000	0.000000	0.000000	0.057401	0.057400	0.037117	0.037117
1.337445	-0.132305	0.132308	-0.337421	0.337421	0.000000	0.000000	0.000000	0.000000	0.031940	0.031939	0.032749	0.032749
1.339759	-0.131057	0.131061	-0.338599	0.338599	0.000000	0.000000	0.000000	0.000000	0.000010	0.000010	0.028756	0.028756
1.342073	-0.135488	0.135492	-0.339746	0.339746	0.000000	0.000000	0.000000	0.000000	0.031898	0.031899	0.025145	0.025145
1.344387	-0.144044	0.144047	-0.340858	0.340858	0.000000	0.000000	0.000000	0.000000	0.058042	0.058042	0.021916	0.021916
1.346701	-0.154456	0.154459	-0.341931	0.341931	0.000000	0.000000	0.000000	0.000000	0.076940	0.076940	0.019058	0.019058
1.349015	-0.164960	0.164962	-0.342962	0.342962	0.000000	0.000000	0.000000	0.000000	0.089827	0.089827	0.016555	0.016555
1.351329	-0.174592	0.174593	-0.343946	0.343946	0.000000	0.000000	0.000000	0.000000	0.098511	0.098510	0.014384	0.014384
1.353643	-0.182981	0.182983	-0.344882	0.344882	0.000000	0.000000	0.000000	0.000000	0.104452	0.104452	0.012518	0.012518
1.355957	-0.190090	0.190091	-0.345765	0.345765	0.000000	0.000000	0.000000	0.000000	0.108648	0.108648	0.010928	0.010928
1.358270	-0.196026	0.196027	-0.346594	0.346594	0.000000	0.000000	0.000000	0.000000	0.111730	0.111730	0.009586	0.009586
1.360584	-0.200944	0.200945	-0.347366	0.347366	0.000000	0.000000	0.000000	0.000000	0.114092	0.114092	0.008463	0.008463
1.362898	-0.205002	0.205003	-0.348078	0.348078	0.000000	0.000000	0.000000	0.000000	0.115974	0.115974	0.007531	0.007531
1.365212	-0.208342	0.208342	-0.348729	0.348729	0.000000	0.000000	0.000000	0.000000	0.117521	0.117521	0.006764	0.006764
1.367526	-0.211080	0.211081	-0.349316	0.349316	0.000000	0.000000	0.000000	0.000000	0.118820	0.118820	0.006140	0.006140
1.369840	-0.213315	0.213315	-0.349838	0.349838	0.000000	0.000000	0.000000	0.000000	0.119923	0.119923	0.005637	0.005637
1.372154	-0.215122	0.215122	-0.350293	0.350293	0.000000	0.000000	0.000000	0.000000	0.120859	0.120859	0.005237	0.005237
1.374468	-0.216563	0.216564	-0.350681	0.350681	0.000000	0.000000	0.000000	0.000000	0.121643	0.121643	0.004924	0.004924
1.376782	-0.217686	0.217686	-0.350999	0.350999	0.000000	0.000000	0.000000	0.000000	0.122282	0.122282	0.004686	0.004686
1.379096	-0.218524	0.218524	-0.351248	0.351248	0.000000	0.000000	0.000000	0.000000	0.122780	0.122780	0.004511	0.004511
1.381410	-0.219106	0.219106	-0.351426	0.351426	0.000000	0.000000	0.000000	0.000000	0.123136	0.123136	0.004392	0.004392
1.383724	-0.219448	0.219448	-0.351533	0.351533	0.000000	0.000000	0.000000	0.000000	0.123350	0.123350	0.004323	0.004323
1.386038	-0.219560	0.219560	-0.351568	0.351568	0.000000	0.000000	0.000000	0.000000	0.123422	0.123422	0.004300	0.004300
