0.000000	0.000000	0.246504
1.308622	2.266600	0.067694
3.925866	2.266600	0.171264
5.234488	0.000000	0.092433
7.851733	0.000000	0.115816
9.160355	2.266600	0.073721
11.777599	2.266600	0.069722
13.086221	0.000000	0.045531
15.703465	0.000000	0.037616
17.012088	2.266600	0.024169
19.629332	2.266600	0.018671
20.937954	0.000000	0.011668
23.555198	0.000000	0.008746
24.863820	2.266600	0.005314
27.481065	2.266600	0.003947
28.789687	0.000000	0.002342
31.406931	0.000000	0.001741
32.715553	2.266600	0.001015
35.332797	2.266600	0.000758
36.641419	0.000000	0.000438
39.258664	0.000000	0.000327
40.567286	2.266600	0.000188
43.184530	2.266600	0.000139
44.493152	0.000000	0.000080
47.110396	0.000000	0.000058
48.419018	2.266600	0.000034
51.036263	2.266600	0.000024
52.344885	0.000000	0.000014
54.962129	0.000000	0.000009
56.270751	2.266600	0.000006
58.887995	2.266600	0.000003
60.196618	0.000000	0.000004
