kx	ky	kz	Prob.
-0.80022840	 0.00000000	 0.00000000	 0.00000005
-0.78022269	 0.03465094	 0.00000000	 0.00000005
-0.76021698	 0.06930188	 0.00000000	 0.00000006
-0.74021127	 0.10395281	 0.00000000	 0.00000006
-0.72020556	 0.13860375	 0.00000000	 0.00000008
-0.70019985	 0.17325469	 0.00000000	 0.00000010
-0.68019414	 0.20790563	 0.00000000	 0.00000012
-0.66018843	 0.24255657	 0.00000000	 0.00000014
-0.64018272	 0.27720750	 0.00000000	 0.00000011
-0.62017701	 0.31185844	 0.00000000	 0.00000008
-0.60017130	 0.34650938	 0.00000000	 0.00000004
-0.58016559	 0.38116032	 0.00000000	 0.00000000
-0.56015988	 0.41581126	 0.00000000	 0.00000003
-0.54015417	 0.45046220	 0.00000000	 0.00000010
-0.52014846	 0.48511313	 0.00000000	 0.00000046
-0.50014275	 0.51976407	 0.00000000	 0.00000059
-0.48013704	 0.55441501	 0.00000000	 0.00000100
-0.46013133	 0.58906595	 0.00000000	 0.00000141
-0.44012562	 0.62371689	 0.00000000	 0.00000130
-0.42011991	 0.65836782	 0.00000000	 0.00000129
-0.40011420	 0.69301876	 0.00000000	 0.00000083
-0.38010849	 0.72766970	 0.00000000	 0.00000129
-0.36010278	 0.76232064	 0.00000000	 0.00000130
-0.34009707	 0.79697158	 0.00000000	 0.00000141
-0.32009136	 0.83162251	 0.00000000	 0.00000100
-0.30008565	 0.86627345	 0.00000000	 0.00000059
-0.28007994	 0.90092439	 0.00000000	 0.00000046
-0.26007423	 0.93557533	 0.00000000	 0.00000010
-0.24006852	 0.97022627	 0.00000000	 0.00000003
-0.22006281	 1.00487721	 0.00000000	 0.00000000
-0.20005710	 1.03952814	 0.00000000	 0.00000004
-0.18005139	 1.07417908	 0.00000000	 0.00000008
-0.16004568	 1.10883002	 0.00000000	 0.00000011
-0.14003997	 1.14348096	 0.00000000	 0.00000014
-0.12003426	 1.17813190	 0.00000000	 0.00000012
-0.10002855	 1.21278283	 0.00000000	 0.00000010
-0.08002284	 1.24743377	 0.00000000	 0.00000008
-0.06001713	 1.28208471	 0.00000000	 0.00000006
-0.04001142	 1.31673565	 0.00000000	 0.00000006
-0.02000571	 1.35138659	 0.00000000	 0.00000005
-0.78022269	-0.03465094	 0.00000000	 0.00000005
-0.76021698	 0.00000000	 0.00000000	 0.00000007
-0.74021127	 0.03465094	 0.00000000	 0.00000009
-0.72020556	 0.06930188	 0.00000000	 0.00000012
-0.70019985	 0.10395281	 0.00000000	 0.00000018
-0.68019414	 0.13860375	 0.00000000	 0.00000027
-0.66018843	 0.17325469	 0.00000000	 0.00000035
-0.64018272	 0.20790563	 0.00000000	 0.00000046
-0.62017701	 0.24255657	 0.00000000	 0.00000051
-0.60017130	 0.27720750	 0.00000000	 0.00000053
-0.58016559	 0.31185844	 0.00000000	 0.00000041
-0.56015988	 0.34650938	 0.00000000	 0.00000039
-0.54015417	 0.38116032	 0.00000000	 0.00000016
-0.52014846	 0.41581126	 0.00000000	 0.00000003
-0.50014275	 0.45046220	 0.00000000	 0.00000000
-0.48013704	 0.48511313	 0.00000000	 0.00000018
-0.46013133	 0.51976407	 0.00000000	 0.00000028
-0.44012562	 0.55441501	 0.00000000	 0.00000083
-0.42011991	 0.58906595	 0.00000000	 0.00000094
-0.40011420	 0.62371689	 0.00000000	 0.00000101
-0.38010849	 0.65836782	 0.00000000	 0.00000075
-0.36010278	 0.69301876	 0.00000000	 0.00000046
-0.34009707	 0.72766970	 0.00000000	 0.00000088
-0.32009136	 0.76232064	 0.00000000	 0.00000109
-0.30008565	 0.79697158	 0.00000000	 0.00000149
-0.28007994	 0.83162251	 0.00000000	 0.00000117
-0.26007423	 0.86627345	 0.00000000	 0.00000079
-0.24006852	 0.90092439	 0.00000000	 0.00000064
-0.22006281	 0.93557533	 0.00000000	 0.00000031
-0.20005710	 0.97022627	 0.00000000	 0.00000013
-0.18005139	 1.00487721	 0.00000000	 0.00000006
-0.16004568	 1.03952814	 0.00000000	 0.00000000
-0.14003997	 1.07417908	 0.00000000	 0.00000000
-0.12003426	 1.10883002	 0.00000000	 0.00000001
-0.10002855	 1.14348096	 0.00000000	 0.00000003
-0.08002284	 1.17813190	 0.00000000	 0.00000003
-0.06001713	 1.21278283	 0.00000000	 0.00000003
-0.04001142	 1.24743377	 0.00000000	 0.00000003
-0.02000571	 1.28208471	 0.00000000	 0.00000004
 0.00000000	 1.31673565	 0.00000000	 0.00000004
-0.76021698	-0.06930188	 0.00000000	 0.00000006
-0.74021127	-0.03465094	 0.00000000	 0.00000009
-0.72020556	 0.00000000	 0.00000000	 0.00000015
-0.70019985	 0.03465094	 0.00000000	 0.00000023
-0.68019414	 0.06930188	 0.00000000	 0.00000034
-0.66018843	 0.10395281	 0.00000000	 0.00000051
-0.64018272	 0.13860375	 0.00000000	 0.00000074
-0.62017701	 0.17325469	 0.00000000	 0.00000110
-0.60017130	 0.20790563	 0.00000000	 0.00000136
-0.58016559	 0.24255657	 0.00000000	 0.00000166
-0.56015988	 0.27720750	 0.00000000	 0.00000192
-0.54015417	 0.31185844	 0.00000000	 0.00000153
-0.52014846	 0.34650938	 0.00000000	 0.00000162
-0.50014275	 0.38116032	 0.00000000	 0.00000088
-0.48013704	 0.41581126	 0.00000000	 0.00000047
-0.46013133	 0.45046220	 0.00000000	 0.00000017
-0.44012562	 0.48511313	 0.00000000	 0.00000000
-0.42011991	 0.51976407	 0.00000000	 0.00000007
-0.40011420	 0.55441501	 0.00000000	 0.00000053
-0.38010849	 0.58906595	 0.00000000	 0.00000054
-0.36010278	 0.62371689	 0.00000000	 0.00000052
-0.34009707	 0.65836782	 0.00000000	 0.00000022
-0.32009136	 0.69301876	 0.00000000	 0.00000019
-0.30008565	 0.72766970	 0.00000000	 0.00000041
-0.28007994	 0.76232064	 0.00000000	 0.00000080
-0.26007423	 0.79697158	 0.00000000	 0.00000143
-0.24006852	 0.83162251	 0.00000000	 0.00000133
-0.22006281	 0.86627345	 0.00000000	 0.00000092
-0.20005710	 0.90092439	 0.00000000	 0.00000074
-0.18005139	 0.93557533	 0.00000000	 0.00000045
-0.16004568	 0.97022627	 0.00000000	 0.00000021
-0.14003997	 1.00487721	 0.00000000	 0.00000011
-0.12003426	 1.03952814	 0.00000000	 0.00000003
-0.10002855	 1.07417908	 0.00000000	 0.00000000
-0.08002284	 1.10883002	 0.00000000	 0.00000000
-0.06001713	 1.14348096	 0.00000000	 0.00000000
-0.04001142	 1.17813190	 0.00000000	 0.00000001
-0.02000571	 1.21278283	 0.00000000	 0.00000001
 0.00000000	 1.24743377	 0.00000000	 0.00000002
 0.02000571	 1.28208471	 0.00000000	 0.00000004
-0.74021127	-0.10395281	 0.00000000	 0.00000006
-0.72020556	-0.06930188	 0.00000000	 0.00000012
-0.70019985	-0.03465094	 0.00000000	 0.00000023
-0.68019414	 0.00000000	 0.00000000	 0.00000040
-0.66018843	 0.03465094	 0.00000000	 0.00000057
-0.64018272	 0.06930188	 0.00000000	 0.00000090
-0.62017701	 0.10395281	 0.00000000	 0.00000144
-0.60017130	 0.13860375	 0.00000000	 0.00000221
-0.58016559	 0.17325469	 0.00000000	 0.00000328
-0.56015988	 0.20790563	 0.00000000	 0.00000405
-0.54015417	 0.24255657	 0.00000000	 0.00000507
-0.52014846	 0.27720750	 0.00000000	 0.00000559
-0.50014275	 0.31185844	 0.00000000	 0.00000492
-0.48013704	 0.34650938	 0.00000000	 0.00000474
-0.46013133	 0.38116032	 0.00000000	 0.00000315
-0.44012562	 0.41581126	 0.00000000	 0.00000194
-0.42011991	 0.45046220	 0.00000000	 0.00000086
-0.40011420	 0.48511313	 0.00000000	 0.00000017
-0.38010849	 0.51976407	 0.00000000	 0.00000000
-0.36010278	 0.55441501	 0.00000000	 0.00000020
-0.34009707	 0.58906595	 0.00000000	 0.00000015
-0.32009136	 0.62371689	 0.00000000	 0.00000005
-0.30008565	 0.65836782	 0.00000000	 0.00000004
-0.28007994	 0.69301876	 0.00000000	 0.00000003
-0.26007423	 0.72766970	 0.00000000	 0.00000004
-0.24006852	 0.76232064	 0.00000000	 0.00000019
-0.22006281	 0.79697158	 0.00000000	 0.00000073
-0.20005710	 0.83162251	 0.00000000	 0.00000128
-0.18005139	 0.86627345	 0.00000000	 0.00000103
-0.16004568	 0.90092439	 0.00000000	 0.00000079
-0.14003997	 0.93557533	 0.00000000	 0.00000055
-0.12003426	 0.97022627	 0.00000000	 0.00000026
-0.10002855	 1.00487721	 0.00000000	 0.00000012
-0.08002284	 1.03952814	 0.00000000	 0.00000004
-0.06001713	 1.07417908	 0.00000000	 0.00000001
-0.04001142	 1.10883002	 0.00000000	 0.00000000
-0.02000571	 1.14348096	 0.00000000	 0.00000000
 0.00000000	 1.17813190	 0.00000000	 0.00000001
 0.02000571	 1.21278283	 0.00000000	 0.00000001
 0.04001142	 1.24743377	 0.00000000	 0.00000003
-0.72020556	-0.13860375	 0.00000000	 0.00000008
-0.70019985	-0.10395281	 0.00000000	 0.00000018
-0.68019414	-0.06930188	 0.00000000	 0.00000034
-0.66018843	-0.03465094	 0.00000000	 0.00000057
-0.64018272	 0.00000000	 0.00000000	 0.00000106
-0.62017701	 0.03465094	 0.00000000	 0.00000155
-0.60017130	 0.06930188	 0.00000000	 0.00000245
-0.58016559	 0.10395281	 0.00000000	 0.00000397
-0.56015988	 0.13860375	 0.00000000	 0.00000572
-0.54015417	 0.17325469	 0.00000000	 0.00000850
-0.52014846	 0.20790563	 0.00000000	 0.00001062
-0.50014275	 0.24255657	 0.00000000	 0.00001233
-0.48013704	 0.27720750	 0.00000000	 0.00001410
-0.46013133	 0.31185844	 0.00000000	 0.00001218
-0.44012562	 0.34650938	 0.00000000	 0.00001131
-0.42011991	 0.38116032	 0.00000000	 0.00000775
-0.40011420	 0.41581126	 0.00000000	 0.00000506
-0.38010849	 0.45046220	 0.00000000	 0.00000239
-0.36010278	 0.48511313	 0.00000000	 0.00000071
-0.34009707	 0.51976407	 0.00000000	 0.00000022
-0.32009136	 0.55441501	 0.00000000	 0.00000000
-0.30008565	 0.58906595	 0.00000000	 0.00000004
-0.28007994	 0.62371689	 0.00000000	 0.00000002
-0.26007423	 0.65836782	 0.00000000	 0.00000000
-0.24006852	 0.69301876	 0.00000000	 0.00000000
-0.22006281	 0.72766970	 0.00000000	 0.00000001
-0.20005710	 0.76232064	 0.00000000	 0.00000002
-0.18005139	 0.79697158	 0.00000000	 0.00000011
-0.16004568	 0.83162251	 0.00000000	 0.00000059
-0.14003997	 0.86627345	 0.00000000	 0.00000091
-0.12003426	 0.90092439	 0.00000000	 0.00000071
-0.10002855	 0.93557533	 0.00000000	 0.00000051
-0.08002284	 0.97022627	 0.00000000	 0.00000022
-0.06001713	 1.00487721	 0.00000000	 0.00000009
-0.04001142	 1.03952814	 0.00000000	 0.00000002
-0.02000571	 1.07417908	 0.00000000	 0.00000000
 0.00000000	 1.10883002	 0.00000000	 0.00000000
 0.02000571	 1.14348096	 0.00000000	 0.00000000
 0.04001142	 1.17813190	 0.00000000	 0.00000001
 0.06001713	 1.21278283	 0.00000000	 0.00000003
-0.70019985	-0.17325469	 0.00000000	 0.00000010
-0.68019414	-0.13860375	 0.00000000	 0.00000027
-0.66018843	-0.10395281	 0.00000000	 0.00000051
-0.64018272	-0.06930188	 0.00000000	 0.00000090
-0.62017701	-0.03465094	 0.00000000	 0.00000155
-0.60017130	 0.00000000	 0.00000000	 0.00000291
-0.58016559	 0.03465094	 0.00000000	 0.00000385
-0.56015988	 0.06930188	 0.00000000	 0.00000609
-0.54015417	 0.10395281	 0.00000000	 0.00001013
-0.52014846	 0.13860375	 0.00000000	 0.00001457
-0.50014275	 0.17325469	 0.00000000	 0.00002242
-0.48013704	 0.20790563	 0.00000000	 0.00002677
-0.46013133	 0.24255657	 0.00000000	 0.00003190
-0.44012562	 0.27720750	 0.00000000	 0.00003293
-0.42011991	 0.31185844	 0.00000000	 0.00002842
-0.40011420	 0.34650938	 0.00000000	 0.00002423
-0.38010849	 0.38116032	 0.00000000	 0.00001510
-0.36010278	 0.41581126	 0.00000000	 0.00001059
-0.34009707	 0.45046220	 0.00000000	 0.00000460
-0.32009136	 0.48511313	 0.00000000	 0.00000182
-0.30008565	 0.51976407	 0.00000000	 0.00000058
-0.28007994	 0.55441501	 0.00000000	 0.00000011
-0.26007423	 0.58906595	 0.00000000	 0.00000004
-0.24006852	 0.62371689	 0.00000000	 0.00000002
-0.22006281	 0.65836782	 0.00000000	 0.00000001
-0.20005710	 0.69301876	 0.00000000	 0.00000001
-0.18005139	 0.72766970	 0.00000000	 0.00000001
-0.16004568	 0.76232064	 0.00000000	 0.00000002
-0.14003997	 0.79697158	 0.00000000	 0.00000005
-0.12003426	 0.83162251	 0.00000000	 0.00000009
-0.10002855	 0.86627345	 0.00000000	 0.00000048
-0.08002284	 0.90092439	 0.00000000	 0.00000065
-0.06001713	 0.93557533	 0.00000000	 0.00000041
-0.04001142	 0.97022627	 0.00000000	 0.00000012
-0.02000571	 1.00487721	 0.00000000	 0.00000002
 0.00000000	 1.03952814	 0.00000000	 0.00000001
 0.02000571	 1.07417908	 0.00000000	 0.00000000
 0.04001142	 1.10883002	 0.00000000	 0.00000000
 0.06001713	 1.14348096	 0.00000000	 0.00000000
 0.08002284	 1.17813190	 0.00000000	 0.00000003
-0.68019414	-0.20790563	 0.00000000	 0.00000012
-0.66018843	-0.17325469	 0.00000000	 0.00000035
-0.64018272	-0.13860375	 0.00000000	 0.00000074
-0.62017701	-0.10395281	 0.00000000	 0.00000144
-0.60017130	-0.06930188	 0.00000000	 0.00000245
-0.58016559	-0.03465094	 0.00000000	 0.00000385
-0.56015988	 0.00000000	 0.00000000	 0.00000731
-0.54015417	 0.03465094	 0.00000000	 0.00000965
-0.52014846	 0.06930188	 0.00000000	 0.00001597
-0.50014275	 0.10395281	 0.00000000	 0.00002554
-0.48013704	 0.13860375	 0.00000000	 0.00003714
-0.46013133	 0.17325469	 0.00000000	 0.00005316
-0.44012562	 0.20790563	 0.00000000	 0.00006357
-0.42011991	 0.24255657	 0.00000000	 0.00007214
-0.40011420	 0.27720750	 0.00000000	 0.00006817
-0.38010849	 0.31185844	 0.00000000	 0.00006013
-0.36010278	 0.34650938	 0.00000000	 0.00004431
-0.34009707	 0.38116032	 0.00000000	 0.00002848
-0.32009136	 0.41581126	 0.00000000	 0.00001687
-0.30008565	 0.45046220	 0.00000000	 0.00000789
-0.28007994	 0.48511313	 0.00000000	 0.00000298
-0.26007423	 0.51976407	 0.00000000	 0.00000061
-0.24006852	 0.55441501	 0.00000000	 0.00000035
-0.22006281	 0.58906595	 0.00000000	 0.00000009
-0.20005710	 0.62371689	 0.00000000	 0.00000007
-0.18005139	 0.65836782	 0.00000000	 0.00000004
-0.16004568	 0.69301876	 0.00000000	 0.00000001
-0.14003997	 0.72766970	 0.00000000	 0.00000000
-0.12003426	 0.76232064	 0.00000000	 0.00000000
-0.10002855	 0.79697158	 0.00000000	 0.00000001
-0.08002284	 0.83162251	 0.00000000	 0.00000003
-0.06001713	 0.86627345	 0.00000000	 0.00000004
-0.04001142	 0.90092439	 0.00000000	 0.00000037
-0.02000571	 0.93557533	 0.00000000	 0.00000022
 0.00000000	 0.97022627	 0.00000000	 0.00000002
 0.02000571	 1.00487721	 0.00000000	 0.00000002
 0.04001142	 1.03952814	 0.00000000	 0.00000002
 0.06001713	 1.07417908	 0.00000000	 0.00000001
 0.08002284	 1.10883002	 0.00000000	 0.00000000
 0.10002855	 1.14348096	 0.00000000	 0.00000003
-0.66018843	-0.24255657	 0.00000000	 0.00000014
-0.64018272	-0.20790563	 0.00000000	 0.00000046
-0.62017701	-0.17325469	 0.00000000	 0.00000110
-0.60017130	-0.13860375	 0.00000000	 0.00000221
-0.58016559	-0.10395281	 0.00000000	 0.00000397
-0.56015988	-0.06930188	 0.00000000	 0.00000609
-0.54015417	-0.03465094	 0.00000000	 0.00000965
-0.52014846	 0.00000000	 0.00000000	 0.00001824
-0.50014275	 0.03465094	 0.00000000	 0.00002368
-0.48013704	 0.06930188	 0.00000000	 0.00003792
-0.46013133	 0.10395281	 0.00000000	 0.00006073
-0.44012562	 0.13860375	 0.00000000	 0.00008950
-0.42011991	 0.17325469	 0.00000000	 0.00012300
-0.40011420	 0.20790563	 0.00000000	 0.00014549
-0.38010849	 0.24255657	 0.00000000	 0.00015206
-0.36010278	 0.27720750	 0.00000000	 0.00013615
-0.34009707	 0.31185844	 0.00000000	 0.00010626
-0.32009136	 0.34650938	 0.00000000	 0.00007414
-0.30008565	 0.38116032	 0.00000000	 0.00004384
-0.28007994	 0.41581126	 0.00000000	 0.00002251
-0.26007423	 0.45046220	 0.00000000	 0.00000916
-0.24006852	 0.48511313	 0.00000000	 0.00000133
-0.22006281	 0.51976407	 0.00000000	 0.00000063
-0.20005710	 0.55441501	 0.00000000	 0.00000034
-0.18005139	 0.58906595	 0.00000000	 0.00000010
-0.16004568	 0.62371689	 0.00000000	 0.00000002
-0.14003997	 0.65836782	 0.00000000	 0.00000000
-0.12003426	 0.69301876	 0.00000000	 0.00000000
-0.10002855	 0.72766970	 0.00000000	 0.00000000
-0.08002284	 0.76232064	 0.00000000	 0.00000000
-0.06001713	 0.79697158	 0.00000000	 0.00000000
-0.04001142	 0.83162251	 0.00000000	 0.00000000
-0.02000571	 0.86627345	 0.00000000	 0.00000000
 0.00000000	 0.90092439	 0.00000000	 0.00000000
 0.02000571	 0.93557533	 0.00000000	 0.00000022
 0.04001142	 0.97022627	 0.00000000	 0.00000012
 0.06001713	 1.00487721	 0.00000000	 0.00000009
 0.08002284	 1.03952814	 0.00000000	 0.00000004
 0.10002855	 1.07417908	 0.00000000	 0.00000000
 0.12003426	 1.10883002	 0.00000000	 0.00000001
-0.64018272	-0.27720750	 0.00000000	 0.00000011
-0.62017701	-0.24255657	 0.00000000	 0.00000051
-0.60017130	-0.20790563	 0.00000000	 0.00000136
-0.58016559	-0.17325469	 0.00000000	 0.00000328
-0.56015988	-0.13860375	 0.00000000	 0.00000572
-0.54015417	-0.10395281	 0.00000000	 0.00001013
-0.52014846	-0.06930188	 0.00000000	 0.00001597
-0.50014275	-0.03465094	 0.00000000	 0.00002368
-0.48013704	 0.00000000	 0.00000000	 0.00004295
-0.46013133	 0.03465094	 0.00000000	 0.00005728
-0.44012562	 0.06930188	 0.00000000	 0.00009329
-0.42011991	 0.10395281	 0.00000000	 0.00014954
-0.40011420	 0.13860375	 0.00000000	 0.00021843
-0.38010849	 0.17325469	 0.00000000	 0.00028691
-0.36010278	 0.20790563	 0.00000000	 0.00031812
-0.34009707	 0.24255657	 0.00000000	 0.00030843
-0.32009136	 0.27720750	 0.00000000	 0.00024689
-0.30008565	 0.31185844	 0.00000000	 0.00017306
-0.28007994	 0.34650938	 0.00000000	 0.00010959
-0.26007423	 0.38116032	 0.00000000	 0.00005826
-0.24006852	 0.41581126	 0.00000000	 0.00002237
-0.22006281	 0.45046220	 0.00000000	 0.00000374
-0.20005710	 0.48511313	 0.00000000	 0.00000138
-0.18005139	 0.51976407	 0.00000000	 0.00000045
-0.16004568	 0.55441501	 0.00000000	 0.00000015
-0.14003997	 0.58906595	 0.00000000	 0.00000016
-0.12003426	 0.62371689	 0.00000000	 0.00000002
-0.10002855	 0.65836782	 0.00000000	 0.00000002
-0.08002284	 0.69301876	 0.00000000	 0.00000000
-0.06001713	 0.72766970	 0.00000000	 0.00000000
-0.04001142	 0.76232064	 0.00000000	 0.00000000
-0.02000571	 0.79697158	 0.00000000	 0.00000000
 0.00000000	 0.83162251	 0.00000000	 0.00000000
 0.02000571	 0.86627345	 0.00000000	 0.00000000
 0.04001142	 0.90092439	 0.00000000	 0.00000037
 0.06001713	 0.93557533	 0.00000000	 0.00000041
 0.08002284	 0.97022627	 0.00000000	 0.00000022
 0.10002855	 1.00487721	 0.00000000	 0.00000012
 0.12003426	 1.03952814	 0.00000000	 0.00000003
 0.14003997	 1.07417908	 0.00000000	 0.00000000
-0.62017701	-0.31185844	 0.00000000	 0.00000008
-0.60017130	-0.27720750	 0.00000000	 0.00000053
-0.58016559	-0.24255657	 0.00000000	 0.00000166
-0.56015988	-0.20790563	 0.00000000	 0.00000405
-0.54015417	-0.17325469	 0.00000000	 0.00000850
-0.52014846	-0.13860375	 0.00000000	 0.00001457
-0.50014275	-0.10395281	 0.00000000	 0.00002554
-0.48013704	-0.06930188	 0.00000000	 0.00003792
-0.46013133	-0.03465094	 0.00000000	 0.00005728
-0.44012562	 0.00000000	 0.00000000	 0.00010355
-0.42011991	 0.03465094	 0.00000000	 0.00014006
-0.40011420	 0.06930188	 0.00000000	 0.00022355
-0.38010849	 0.10395281	 0.00000000	 0.00035016
-0.36010278	 0.13860375	 0.00000000	 0.00050443
-0.34009707	 0.17325469	 0.00000000	 0.00062225
-0.32009136	 0.20790563	 0.00000000	 0.00063978
-0.30008565	 0.24255657	 0.00000000	 0.00055361
-0.28007994	 0.27720750	 0.00000000	 0.00039966
-0.26007423	 0.31185844	 0.00000000	 0.00025024
-0.24006852	 0.34650938	 0.00000000	 0.00013655
-0.22006281	 0.38116032	 0.00000000	 0.00005193
-0.20005710	 0.41581126	 0.00000000	 0.00000783
-0.18005139	 0.45046220	 0.00000000	 0.00000298
-0.16004568	 0.48511313	 0.00000000	 0.00000149
-0.14003997	 0.51976407	 0.00000000	 0.00000036
-0.12003426	 0.55441501	 0.00000000	 0.00000025
-0.10002855	 0.58906595	 0.00000000	 0.00000005
-0.08002284	 0.62371689	 0.00000000	 0.00000003
-0.06001713	 0.65836782	 0.00000000	 0.00000001
-0.04001142	 0.69301876	 0.00000000	 0.00000001
-0.02000571	 0.72766970	 0.00000000	 0.00000000
 0.00000000	 0.76232064	 0.00000000	 0.00000000
 0.02000571	 0.79697158	 0.00000000	 0.00000000
 0.04001142	 0.83162251	 0.00000000	 0.00000000
 0.06001713	 0.86627345	 0.00000000	 0.00000004
 0.08002284	 0.90092439	 0.00000000	 0.00000065
 0.10002855	 0.93557533	 0.00000000	 0.00000051
 0.12003426	 0.97022627	 0.00000000	 0.00000026
 0.14003997	 1.00487721	 0.00000000	 0.00000011
 0.16004568	 1.03952814	 0.00000000	 0.00000000
-0.60017130	-0.34650938	 0.00000000	 0.00000004
-0.58016559	-0.31185844	 0.00000000	 0.00000041
-0.56015988	-0.27720750	 0.00000000	 0.00000192
-0.54015417	-0.24255657	 0.00000000	 0.00000507
-0.52014846	-0.20790563	 0.00000000	 0.00001062
-0.50014275	-0.17325469	 0.00000000	 0.00002242
-0.48013704	-0.13860375	 0.00000000	 0.00003714
-0.46013133	-0.10395281	 0.00000000	 0.00006073
-0.44012562	-0.06930188	 0.00000000	 0.00009329
-0.42011991	-0.03465094	 0.00000000	 0.00014006
-0.40011420	 0.00000000	 0.00000000	 0.00023972
-0.38010849	 0.03465094	 0.00000000	 0.00033545
-0.36010278	 0.06930188	 0.00000000	 0.00054347
-0.34009707	 0.10395281	 0.00000000	 0.00085364
-0.32009136	 0.13860375	 0.00000000	 0.00118416
-0.30008565	 0.17325469	 0.00000000	 0.00134591
-0.28007994	 0.20790563	 0.00000000	 0.00122748
-0.26007423	 0.24255657	 0.00000000	 0.00090589
-0.24006852	 0.27720750	 0.00000000	 0.00057639
-0.22006281	 0.31185844	 0.00000000	 0.00030772
-0.20005710	 0.34650938	 0.00000000	 0.00011229
-0.18005139	 0.38116032	 0.00000000	 0.00001910
-0.16004568	 0.41581126	 0.00000000	 0.00000551
-0.14003997	 0.45046220	 0.00000000	 0.00000194
-0.12003426	 0.48511313	 0.00000000	 0.00000059
-0.10002855	 0.51976407	 0.00000000	 0.00000039
-0.08002284	 0.55441501	 0.00000000	 0.00000002
-0.06001713	 0.58906595	 0.00000000	 0.00000001
-0.04001142	 0.62371689	 0.00000000	 0.00000000
-0.02000571	 0.65836782	 0.00000000	 0.00000001
 0.00000000	 0.69301876	 0.00000000	 0.00000000
 0.02000571	 0.72766970	 0.00000000	 0.00000000
 0.04001142	 0.76232064	 0.00000000	 0.00000000
 0.06001713	 0.79697158	 0.00000000	 0.00000000
 0.08002284	 0.83162251	 0.00000000	 0.00000003
 0.10002855	 0.86627345	 0.00000000	 0.00000048
 0.12003426	 0.90092439	 0.00000000	 0.00000071
 0.14003997	 0.93557533	 0.00000000	 0.00000055
 0.16004568	 0.97022627	 0.00000000	 0.00000021
 0.18005139	 1.00487721	 0.00000000	 0.00000006
-0.58016559	-0.38116032	 0.00000000	 0.00000000
-0.56015988	-0.34650938	 0.00000000	 0.00000039
-0.54015417	-0.31185844	 0.00000000	 0.00000153
-0.52014846	-0.27720750	 0.00000000	 0.00000559
-0.50014275	-0.24255657	 0.00000000	 0.00001233
-0.48013704	-0.20790563	 0.00000000	 0.00002677
-0.46013133	-0.17325469	 0.00000000	 0.00005316
-0.44012562	-0.13860375	 0.00000000	 0.00008950
-0.42011991	-0.10395281	 0.00000000	 0.00014954
-0.40011420	-0.06930188	 0.00000000	 0.00022355
-0.38010849	-0.03465094	 0.00000000	 0.00033545
-0.36010278	 0.00000000	 0.00000000	 0.00058013
-0.34009707	 0.03465094	 0.00000000	 0.00083737
-0.32009136	 0.06930188	 0.00000000	 0.00134261
-0.30008565	 0.10395281	 0.00000000	 0.00205950
-0.28007994	 0.13860375	 0.00000000	 0.00263650
-0.26007423	 0.17325469	 0.00000000	 0.00267654
-0.24006852	 0.20790563	 0.00000000	 0.00208337
-0.22006281	 0.24255657	 0.00000000	 0.00131199
-0.20005710	 0.27720750	 0.00000000	 0.00070769
-0.18005139	 0.31185844	 0.00000000	 0.00024718
-0.16004568	 0.34650938	 0.00000000	 0.00004117
-0.14003997	 0.38116032	 0.00000000	 0.00001219
-0.12003426	 0.41581126	 0.00000000	 0.00000470
-0.10002855	 0.45046220	 0.00000000	 0.00000103
-0.08002284	 0.48511313	 0.00000000	 0.00000059
-0.06001713	 0.51976407	 0.00000000	 0.00000011
-0.04001142	 0.55441501	 0.00000000	 0.00000004
-0.02000571	 0.58906595	 0.00000000	 0.00000005
 0.00000000	 0.62371689	 0.00000000	 0.00000000
 0.02000571	 0.65836782	 0.00000000	 0.00000001
 0.04001142	 0.69301876	 0.00000000	 0.00000001
 0.06001713	 0.72766970	 0.00000000	 0.00000000
 0.08002284	 0.76232064	 0.00000000	 0.00000000
 0.10002855	 0.79697158	 0.00000000	 0.00000001
 0.12003426	 0.83162251	 0.00000000	 0.00000009
 0.14003997	 0.86627345	 0.00000000	 0.00000091
 0.16004568	 0.90092439	 0.00000000	 0.00000079
 0.18005139	 0.93557533	 0.00000000	 0.00000045
 0.20005710	 0.97022627	 0.00000000	 0.00000013
-0.56015988	-0.41581126	 0.00000000	 0.00000003
-0.54015417	-0.38116032	 0.00000000	 0.00000016
-0.52014846	-0.34650938	 0.00000000	 0.00000162
-0.50014275	-0.31185844	 0.00000000	 0.00000492
-0.48013704	-0.27720750	 0.00000000	 0.00001410
-0.46013133	-0.24255657	 0.00000000	 0.00003190
-0.44012562	-0.20790563	 0.00000000	 0.00006357
-0.42011991	-0.17325469	 0.00000000	 0.00012300
-0.40011420	-0.13860375	 0.00000000	 0.00021843
-0.38010849	-0.10395281	 0.00000000	 0.00035016
-0.36010278	-0.06930188	 0.00000000	 0.00054347
-0.34009707	-0.03465094	 0.00000000	 0.00083737
-0.32009136	 0.00000000	 0.00000000	 0.00140762
-0.30008565	 0.03465094	 0.00000000	 0.00206350
-0.28007994	 0.06930188	 0.00000000	 0.00333728
-0.26007423	 0.10395281	 0.00000000	 0.00494433
-0.24006852	 0.13860375	 0.00000000	 0.00564469
-0.22006281	 0.17325469	 0.00000000	 0.00483117
-0.20005710	 0.20790563	 0.00000000	 0.00308554
-0.18005139	 0.24255657	 0.00000000	 0.00161771
-0.16004568	 0.27720750	 0.00000000	 0.00054949
-0.14003997	 0.31185844	 0.00000000	 0.00009454
-0.12003426	 0.34650938	 0.00000000	 0.00002320
-0.10002855	 0.38116032	 0.00000000	 0.00000697
-0.08002284	 0.41581126	 0.00000000	 0.00000245
-0.06001713	 0.45046220	 0.00000000	 0.00000066
-0.04001142	 0.48511313	 0.00000000	 0.00000009
-0.02000571	 0.51976407	 0.00000000	 0.00000000
 0.00000000	 0.55441501	 0.00000000	 0.00000000
 0.02000571	 0.58906595	 0.00000000	 0.00000005
 0.04001142	 0.62371689	 0.00000000	 0.00000000
 0.06001713	 0.65836782	 0.00000000	 0.00000001
 0.08002284	 0.69301876	 0.00000000	 0.00000000
 0.10002855	 0.72766970	 0.00000000	 0.00000000
 0.12003426	 0.76232064	 0.00000000	 0.00000000
 0.14003997	 0.79697158	 0.00000000	 0.00000005
 0.16004568	 0.83162251	 0.00000000	 0.00000059
 0.18005139	 0.86627345	 0.00000000	 0.00000103
 0.20005710	 0.90092439	 0.00000000	 0.00000074
 0.22006281	 0.93557533	 0.00000000	 0.00000031
-0.54015417	-0.45046220	 0.00000000	 0.00000010
-0.52014846	-0.41581126	 0.00000000	 0.00000003
-0.50014275	-0.38116032	 0.00000000	 0.00000088
-0.48013704	-0.34650938	 0.00000000	 0.00000474
-0.46013133	-0.31185844	 0.00000000	 0.00001218
-0.44012562	-0.27720750	 0.00000000	 0.00003293
-0.42011991	-0.24255657	 0.00000000	 0.00007214
-0.40011420	-0.20790563	 0.00000000	 0.00014549
-0.38010849	-0.17325469	 0.00000000	 0.00028691
-0.36010278	-0.13860375	 0.00000000	 0.00050443
-0.34009707	-0.10395281	 0.00000000	 0.00085364
-0.32009136	-0.06930188	 0.00000000	 0.00134261
-0.30008565	-0.03465094	 0.00000000	 0.00206350
-0.28007994	 0.00000000	 0.00000000	 0.00359164
-0.26007423	 0.03465094	 0.00000000	 0.00544773
-0.24006852	 0.06930188	 0.00000000	 0.00875039
-0.22006281	 0.10395281	 0.00000000	 0.01182704
-0.20005710	 0.13860375	 0.00000000	 0.01134352
-0.18005139	 0.17325469	 0.00000000	 0.00766142
-0.16004568	 0.20790563	 0.00000000	 0.00386963
-0.14003997	 0.24255657	 0.00000000	 0.00127483
-0.12003426	 0.27720750	 0.00000000	 0.00020434
-0.10002855	 0.31185844	 0.00000000	 0.00005320
-0.08002284	 0.34650938	 0.00000000	 0.00001381
-0.06001713	 0.38116032	 0.00000000	 0.00000296
-0.04001142	 0.41581126	 0.00000000	 0.00000067
-0.02000571	 0.45046220	 0.00000000	 0.00000004
 0.00000000	 0.48511313	 0.00000000	 0.00000000
 0.02000571	 0.51976407	 0.00000000	 0.00000000
 0.04001142	 0.55441501	 0.00000000	 0.00000004
 0.06001713	 0.58906595	 0.00000000	 0.00000001
 0.08002284	 0.62371689	 0.00000000	 0.00000003
 0.10002855	 0.65836782	 0.00000000	 0.00000002
 0.12003426	 0.69301876	 0.00000000	 0.00000000
 0.14003997	 0.72766970	 0.00000000	 0.00000000
 0.16004568	 0.76232064	 0.00000000	 0.00000002
 0.18005139	 0.79697158	 0.00000000	 0.00000011
 0.20005710	 0.83162251	 0.00000000	 0.00000128
 0.22006281	 0.86627345	 0.00000000	 0.00000092
 0.24006852	 0.90092439	 0.00000000	 0.00000064
-0.52014846	-0.48511313	 0.00000000	 0.00000046
-0.50014275	-0.45046220	 0.00000000	 0.00000000
-0.48013704	-0.41581126	 0.00000000	 0.00000047
-0.46013133	-0.38116032	 0.00000000	 0.00000315
-0.44012562	-0.34650938	 0.00000000	 0.00001131
-0.42011991	-0.31185844	 0.00000000	 0.00002842
-0.40011420	-0.27720750	 0.00000000	 0.00006817
-0.38010849	-0.24255657	 0.00000000	 0.00015206
-0.36010278	-0.20790563	 0.00000000	 0.00031812
-0.34009707	-0.17325469	 0.00000000	 0.00062225
-0.32009136	-0.13860375	 0.00000000	 0.00118416
-0.30008565	-0.10395281	 0.00000000	 0.00205950
-0.28007994	-0.06930188	 0.00000000	 0.00333728
-0.26007423	-0.03465094	 0.00000000	 0.00544773
-0.24006852	 0.00000000	 0.00000000	 0.00944044
-0.22006281	 0.03465094	 0.00000000	 0.01461961
-0.20005710	 0.06930188	 0.00000000	 0.02252633
-0.18005139	 0.10395281	 0.00000000	 0.02605486
-0.16004568	 0.13860375	 0.00000000	 0.01945168
-0.14003997	 0.17325469	 0.00000000	 0.00983744
-0.12003426	 0.20790563	 0.00000000	 0.00307667
-0.10002855	 0.24255657	 0.00000000	 0.00050494
-0.08002284	 0.27720750	 0.00000000	 0.00010115
-0.06001713	 0.31185844	 0.00000000	 0.00002398
-0.04001142	 0.34650938	 0.00000000	 0.00000455
-0.02000571	 0.38116032	 0.00000000	 0.00000049
 0.00000000	 0.41581126	 0.00000000	 0.00000000
 0.02000571	 0.45046220	 0.00000000	 0.00000004
 0.04001142	 0.48511313	 0.00000000	 0.00000009
 0.06001713	 0.51976407	 0.00000000	 0.00000011
 0.08002284	 0.55441501	 0.00000000	 0.00000002
 0.10002855	 0.58906595	 0.00000000	 0.00000005
 0.12003426	 0.62371689	 0.00000000	 0.00000002
 0.14003997	 0.65836782	 0.00000000	 0.00000000
 0.16004568	 0.69301876	 0.00000000	 0.00000001
 0.18005139	 0.72766970	 0.00000000	 0.00000001
 0.20005710	 0.76232064	 0.00000000	 0.00000002
 0.22006281	 0.79697158	 0.00000000	 0.00000073
 0.24006852	 0.83162251	 0.00000000	 0.00000133
 0.26007423	 0.86627345	 0.00000000	 0.00000079
-0.50014275	-0.51976407	 0.00000000	 0.00000059
-0.48013704	-0.48511313	 0.00000000	 0.00000018
-0.46013133	-0.45046220	 0.00000000	 0.00000017
-0.44012562	-0.41581126	 0.00000000	 0.00000194
-0.42011991	-0.38116032	 0.00000000	 0.00000775
-0.40011420	-0.34650938	 0.00000000	 0.00002423
-0.38010849	-0.31185844	 0.00000000	 0.00006013
-0.36010278	-0.27720750	 0.00000000	 0.00013615
-0.34009707	-0.24255657	 0.00000000	 0.00030843
-0.32009136	-0.20790563	 0.00000000	 0.00063978
-0.30008565	-0.17325469	 0.00000000	 0.00134591
-0.28007994	-0.13860375	 0.00000000	 0.00263650
-0.26007423	-0.10395281	 0.00000000	 0.00494433
-0.24006852	-0.06930188	 0.00000000	 0.00875039
-0.22006281	-0.03465094	 0.00000000	 0.01461961
-0.20005710	 0.00000000	 0.00000000	 0.02639149
-0.18005139	 0.03465094	 0.00000000	 0.04255567
-0.16004568	 0.06930188	 0.00000000	 0.05935916
-0.14003997	 0.10395281	 0.00000000	 0.05268839
-0.12003426	 0.13860375	 0.00000000	 0.02726513
-0.10002855	 0.17325469	 0.00000000	 0.00791893
-0.08002284	 0.20790563	 0.00000000	 0.00116814
-0.06001713	 0.24255657	 0.00000000	 0.00021317
-0.04001142	 0.27720750	 0.00000000	 0.00003174
-0.02000571	 0.31185844	 0.00000000	 0.00000244
 0.00000000	 0.34650938	 0.00000000	 0.00000000
 0.02000571	 0.38116032	 0.00000000	 0.00000049
 0.04001142	 0.41581126	 0.00000000	 0.00000067
 0.06001713	 0.45046220	 0.00000000	 0.00000066
 0.08002284	 0.48511313	 0.00000000	 0.00000059
 0.10002855	 0.51976407	 0.00000000	 0.00000039
 0.12003426	 0.55441501	 0.00000000	 0.00000025
 0.14003997	 0.58906595	 0.00000000	 0.00000016
 0.16004568	 0.62371689	 0.00000000	 0.00000002
 0.18005139	 0.65836782	 0.00000000	 0.00000004
 0.20005710	 0.69301876	 0.00000000	 0.00000001
 0.22006281	 0.72766970	 0.00000000	 0.00000001
 0.24006852	 0.76232064	 0.00000000	 0.00000019
 0.26007423	 0.79697158	 0.00000000	 0.00000143
 0.28007994	 0.83162251	 0.00000000	 0.00000117
-0.48013704	-0.55441501	 0.00000000	 0.00000100
-0.46013133	-0.51976407	 0.00000000	 0.00000028
-0.44012562	-0.48511313	 0.00000000	 0.00000000
-0.42011991	-0.45046220	 0.00000000	 0.00000086
-0.40011420	-0.41581126	 0.00000000	 0.00000506
-0.38010849	-0.38116032	 0.00000000	 0.00001510
-0.36010278	-0.34650938	 0.00000000	 0.00004431
-0.34009707	-0.31185844	 0.00000000	 0.00010626
-0.32009136	-0.27720750	 0.00000000	 0.00024689
-0.30008565	-0.24255657	 0.00000000	 0.00055361
-0.28007994	-0.20790563	 0.00000000	 0.00122748
-0.26007423	-0.17325469	 0.00000000	 0.00267654
-0.24006852	-0.13860375	 0.00000000	 0.00564469
-0.22006281	-0.10395281	 0.00000000	 0.01182704
-0.20005710	-0.06930188	 0.00000000	 0.02252633
-0.18005139	-0.03465094	 0.00000000	 0.04255567
-0.16004568	 0.00000000	 0.00000000	 0.08052055
-0.14003997	 0.03465094	 0.00000000	 0.12722098
-0.12003426	 0.06930188	 0.00000000	 0.14369441
-0.10002855	 0.10395281	 0.00000000	 0.08287983
-0.08002284	 0.13860375	 0.00000000	 0.02260706
-0.06001713	 0.17325469	 0.00000000	 0.00294739
-0.04001142	 0.20790563	 0.00000000	 0.00034904
-0.02000571	 0.24255657	 0.00000000	 0.00003244
 0.00000000	 0.27720750	 0.00000000	 0.00000000
 0.02000571	 0.31185844	 0.00000000	 0.00000244
 0.04001142	 0.34650938	 0.00000000	 0.00000455
 0.06001713	 0.38116032	 0.00000000	 0.00000296
 0.08002284	 0.41581126	 0.00000000	 0.00000245
 0.10002855	 0.45046220	 0.00000000	 0.00000103
 0.12003426	 0.48511313	 0.00000000	 0.00000059
 0.14003997	 0.51976407	 0.00000000	 0.00000036
 0.16004568	 0.55441501	 0.00000000	 0.00000015
 0.18005139	 0.58906595	 0.00000000	 0.00000010
 0.20005710	 0.62371689	 0.00000000	 0.00000007
 0.22006281	 0.65836782	 0.00000000	 0.00000001
 0.24006852	 0.69301876	 0.00000000	 0.00000000
 0.26007423	 0.72766970	 0.00000000	 0.00000004
 0.28007994	 0.76232064	 0.00000000	 0.00000080
 0.30008565	 0.79697158	 0.00000000	 0.00000149
-0.46013133	-0.58906595	 0.00000000	 0.00000141
-0.44012562	-0.55441501	 0.00000000	 0.00000083
-0.42011991	-0.51976407	 0.00000000	 0.00000007
-0.40011420	-0.48511313	 0.00000000	 0.00000017
-0.38010849	-0.45046220	 0.00000000	 0.00000239
-0.36010278	-0.41581126	 0.00000000	 0.00001059
-0.34009707	-0.38116032	 0.00000000	 0.00002848
-0.32009136	-0.34650938	 0.00000000	 0.00007414
-0.30008565	-0.31185844	 0.00000000	 0.00017306
-0.28007994	-0.27720750	 0.00000000	 0.00039966
-0.26007423	-0.24255657	 0.00000000	 0.00090589
-0.24006852	-0.20790563	 0.00000000	 0.00208337
-0.22006281	-0.17325469	 0.00000000	 0.00483117
-0.20005710	-0.13860375	 0.00000000	 0.01134352
-0.18005139	-0.10395281	 0.00000000	 0.02605486
-0.16004568	-0.06930188	 0.00000000	 0.05935916
-0.14003997	-0.03465094	 0.00000000	 0.12722098
-0.12003426	 0.00000000	 0.00000000	 0.25798996
-0.10002855	 0.03465094	 0.00000000	 0.38463962
-0.08002284	 0.06930188	 0.00000000	 0.27412897
-0.06001713	 0.10395281	 0.00000000	 0.06866345
-0.04001142	 0.13860375	 0.00000000	 0.00657941
-0.02000571	 0.17325469	 0.00000000	 0.00038252
 0.00000000	 0.20790563	 0.00000000	 0.00000000
 0.02000571	 0.24255657	 0.00000000	 0.00003244
 0.04001142	 0.27720750	 0.00000000	 0.00003174
 0.06001713	 0.31185844	 0.00000000	 0.00002398
 0.08002284	 0.34650938	 0.00000000	 0.00001381
 0.10002855	 0.38116032	 0.00000000	 0.00000697
 0.12003426	 0.41581126	 0.00000000	 0.00000470
 0.14003997	 0.45046220	 0.00000000	 0.00000194
 0.16004568	 0.48511313	 0.00000000	 0.00000149
 0.18005139	 0.51976407	 0.00000000	 0.00000045
 0.20005710	 0.55441501	 0.00000000	 0.00000034
 0.22006281	 0.58906595	 0.00000000	 0.00000009
 0.24006852	 0.62371689	 0.00000000	 0.00000002
 0.26007423	 0.65836782	 0.00000000	 0.00000000
 0.28007994	 0.69301876	 0.00000000	 0.00000003
 0.30008565	 0.72766970	 0.00000000	 0.00000041
 0.32009136	 0.76232064	 0.00000000	 0.00000109
-0.44012562	-0.62371689	 0.00000000	 0.00000130
-0.42011991	-0.58906595	 0.00000000	 0.00000094
-0.40011420	-0.55441501	 0.00000000	 0.00000053
-0.38010849	-0.51976407	 0.00000000	 0.00000000
-0.36010278	-0.48511313	 0.00000000	 0.00000071
-0.34009707	-0.45046220	 0.00000000	 0.00000460
-0.32009136	-0.41581126	 0.00000000	 0.00001687
-0.30008565	-0.38116032	 0.00000000	 0.00004384
-0.28007994	-0.34650938	 0.00000000	 0.00010959
-0.26007423	-0.31185844	 0.00000000	 0.00025024
-0.24006852	-0.27720750	 0.00000000	 0.00057639
-0.22006281	-0.24255657	 0.00000000	 0.00131199
-0.20005710	-0.20790563	 0.00000000	 0.00308554
-0.18005139	-0.17325469	 0.00000000	 0.00766142
-0.16004568	-0.13860375	 0.00000000	 0.01945168
-0.14003997	-0.10395281	 0.00000000	 0.05268839
-0.12003426	-0.06930188	 0.00000000	 0.14369441
-0.10002855	-0.03465094	 0.00000000	 0.38463962
-0.08002284	 0.00000000	 0.00000000	 0.92061228
-0.06001713	 0.03465094	 0.00000000	 0.97966205
-0.04001142	 0.06930188	 0.00000000	 0.23614090
-0.02000571	 0.10395281	 0.00000000	 0.01092738
 0.00000000	 0.13860375	 0.00000000	 0.00000000
 0.02000571	 0.17325469	 0.00000000	 0.00038252
 0.04001142	 0.20790563	 0.00000000	 0.00034904
 0.06001713	 0.24255657	 0.00000000	 0.00021317
 0.08002284	 0.27720750	 0.00000000	 0.00010115
 0.10002855	 0.31185844	 0.00000000	 0.00005320
 0.12003426	 0.34650938	 0.00000000	 0.00002320
 0.14003997	 0.38116032	 0.00000000	 0.00001219
 0.16004568	 0.41581126	 0.00000000	 0.00000551
 0.18005139	 0.45046220	 0.00000000	 0.00000298
 0.20005710	 0.48511313	 0.00000000	 0.00000138
 0.22006281	 0.51976407	 0.00000000	 0.00000063
 0.24006852	 0.55441501	 0.00000000	 0.00000035
 0.26007423	 0.58906595	 0.00000000	 0.00000004
 0.28007994	 0.62371689	 0.00000000	 0.00000002
 0.30008565	 0.65836782	 0.00000000	 0.00000004
 0.32009136	 0.69301876	 0.00000000	 0.00000019
 0.34009707	 0.72766970	 0.00000000	 0.00000088
-0.42011991	-0.65836782	 0.00000000	 0.00000129
-0.40011420	-0.62371689	 0.00000000	 0.00000101
-0.38010849	-0.58906595	 0.00000000	 0.00000054
-0.36010278	-0.55441501	 0.00000000	 0.00000020
-0.34009707	-0.51976407	 0.00000000	 0.00000022
-0.32009136	-0.48511313	 0.00000000	 0.00000182
-0.30008565	-0.45046220	 0.00000000	 0.00000789
-0.28007994	-0.41581126	 0.00000000	 0.00002251
-0.26007423	-0.38116032	 0.00000000	 0.00005826
-0.24006852	-0.34650938	 0.00000000	 0.00013655
-0.22006281	-0.31185844	 0.00000000	 0.00030772
-0.20005710	-0.27720750	 0.00000000	 0.00070769
-0.18005139	-0.24255657	 0.00000000	 0.00161771
-0.16004568	-0.20790563	 0.00000000	 0.00386963
-0.14003997	-0.17325469	 0.00000000	 0.00983744
-0.12003426	-0.13860375	 0.00000000	 0.02726513
-0.10002855	-0.10395281	 0.00000000	 0.08287983
-0.08002284	-0.06930188	 0.00000000	 0.27412897
-0.06001713	-0.03465094	 0.00000000	 0.97966205
-0.04001142	 0.00000000	 0.00000000	 2.55216473
-0.02000571	 0.03465094	 0.00000000	 0.64283944
 0.00000000	 0.06930188	 0.00000000	 0.00000000
 0.02000571	 0.10395281	 0.00000000	 0.01092738
 0.04001142	 0.13860375	 0.00000000	 0.00657941
 0.06001713	 0.17325469	 0.00000000	 0.00294739
 0.08002284	 0.20790563	 0.00000000	 0.00116814
 0.10002855	 0.24255657	 0.00000000	 0.00050494
 0.12003426	 0.27720750	 0.00000000	 0.00020434
 0.14003997	 0.31185844	 0.00000000	 0.00009454
 0.16004568	 0.34650938	 0.00000000	 0.00004117
 0.18005139	 0.38116032	 0.00000000	 0.00001910
 0.20005710	 0.41581126	 0.00000000	 0.00000783
 0.22006281	 0.45046220	 0.00000000	 0.00000374
 0.24006852	 0.48511313	 0.00000000	 0.00000133
 0.26007423	 0.51976407	 0.00000000	 0.00000061
 0.28007994	 0.55441501	 0.00000000	 0.00000011
 0.30008565	 0.58906595	 0.00000000	 0.00000004
 0.32009136	 0.62371689	 0.00000000	 0.00000005
 0.34009707	 0.65836782	 0.00000000	 0.00000022
 0.36010278	 0.69301876	 0.00000000	 0.00000046
-0.40011420	-0.69301876	 0.00000000	 0.00000083
-0.38010849	-0.65836782	 0.00000000	 0.00000075
-0.36010278	-0.62371689	 0.00000000	 0.00000052
-0.34009707	-0.58906595	 0.00000000	 0.00000015
-0.32009136	-0.55441501	 0.00000000	 0.00000000
-0.30008565	-0.51976407	 0.00000000	 0.00000058
-0.28007994	-0.48511313	 0.00000000	 0.00000298
-0.26007423	-0.45046220	 0.00000000	 0.00000916
-0.24006852	-0.41581126	 0.00000000	 0.00002237
-0.22006281	-0.38116032	 0.00000000	 0.00005193
-0.20005710	-0.34650938	 0.00000000	 0.00011229
-0.18005139	-0.31185844	 0.00000000	 0.00024718
-0.16004568	-0.27720750	 0.00000000	 0.00054949
-0.14003997	-0.24255657	 0.00000000	 0.00127483
-0.12003426	-0.20790563	 0.00000000	 0.00307667
-0.10002855	-0.17325469	 0.00000000	 0.00791893
-0.08002284	-0.13860375	 0.00000000	 0.02260706
-0.06001713	-0.10395281	 0.00000000	 0.06866345
-0.04001142	-0.06930188	 0.00000000	 0.23614090
-0.02000571	-0.03465094	 0.00000000	 0.64283944
 0.00000000	 0.00000000	 0.00000000	 3.77850825
 0.02000571	 0.03465094	 0.00000000	 0.64283944
 0.04001142	 0.06930188	 0.00000000	 0.23614090
 0.06001713	 0.10395281	 0.00000000	 0.06866345
 0.08002284	 0.13860375	 0.00000000	 0.02260706
 0.10002855	 0.17325469	 0.00000000	 0.00791893
 0.12003426	 0.20790563	 0.00000000	 0.00307667
 0.14003997	 0.24255657	 0.00000000	 0.00127483
 0.16004568	 0.27720750	 0.00000000	 0.00054949
 0.18005139	 0.31185844	 0.00000000	 0.00024718
 0.20005710	 0.34650938	 0.00000000	 0.00011229
 0.22006281	 0.38116032	 0.00000000	 0.00005193
 0.24006852	 0.41581126	 0.00000000	 0.00002237
 0.26007423	 0.45046220	 0.00000000	 0.00000916
 0.28007994	 0.48511313	 0.00000000	 0.00000298
 0.30008565	 0.51976407	 0.00000000	 0.00000058
 0.32009136	 0.55441501	 0.00000000	 0.00000000
 0.34009707	 0.58906595	 0.00000000	 0.00000015
 0.36010278	 0.62371689	 0.00000000	 0.00000052
 0.38010849	 0.65836782	 0.00000000	 0.00000075
-0.38010849	-0.72766970	 0.00000000	 0.00000129
-0.36010278	-0.69301876	 0.00000000	 0.00000046
-0.34009707	-0.65836782	 0.00000000	 0.00000022
-0.32009136	-0.62371689	 0.00000000	 0.00000005
-0.30008565	-0.58906595	 0.00000000	 0.00000004
-0.28007994	-0.55441501	 0.00000000	 0.00000011
-0.26007423	-0.51976407	 0.00000000	 0.00000061
-0.24006852	-0.48511313	 0.00000000	 0.00000133
-0.22006281	-0.45046220	 0.00000000	 0.00000374
-0.20005710	-0.41581126	 0.00000000	 0.00000783
-0.18005139	-0.38116032	 0.00000000	 0.00001910
-0.16004568	-0.34650938	 0.00000000	 0.00004117
-0.14003997	-0.31185844	 0.00000000	 0.00009454
-0.12003426	-0.27720750	 0.00000000	 0.00020434
-0.10002855	-0.24255657	 0.00000000	 0.00050494
-0.08002284	-0.20790563	 0.00000000	 0.00116814
-0.06001713	-0.17325469	 0.00000000	 0.00294739
-0.04001142	-0.13860375	 0.00000000	 0.00657941
-0.02000571	-0.10395281	 0.00000000	 0.01092738
 0.00000000	-0.06930188	 0.00000000	 0.00000000
 0.02000571	-0.03465094	 0.00000000	 0.64283944
 0.04001142	 0.00000000	 0.00000000	 2.55216473
 0.06001713	 0.03465094	 0.00000000	 0.97966205
 0.08002284	 0.06930188	 0.00000000	 0.27412897
 0.10002855	 0.10395281	 0.00000000	 0.08287983
 0.12003426	 0.13860375	 0.00000000	 0.02726513
 0.14003997	 0.17325469	 0.00000000	 0.00983744
 0.16004568	 0.20790563	 0.00000000	 0.00386963
 0.18005139	 0.24255657	 0.00000000	 0.00161771
 0.20005710	 0.27720750	 0.00000000	 0.00070769
 0.22006281	 0.31185844	 0.00000000	 0.00030772
 0.24006852	 0.34650938	 0.00000000	 0.00013655
 0.26007423	 0.38116032	 0.00000000	 0.00005826
 0.28007994	 0.41581126	 0.00000000	 0.00002251
 0.30008565	 0.45046220	 0.00000000	 0.00000789
 0.32009136	 0.48511313	 0.00000000	 0.00000182
 0.34009707	 0.51976407	 0.00000000	 0.00000022
 0.36010278	 0.55441501	 0.00000000	 0.00000020
 0.38010849	 0.58906595	 0.00000000	 0.00000054
 0.40011420	 0.62371689	 0.00000000	 0.00000101
-0.36010278	-0.76232064	 0.00000000	 0.00000130
-0.34009707	-0.72766970	 0.00000000	 0.00000088
-0.32009136	-0.69301876	 0.00000000	 0.00000019
-0.30008565	-0.65836782	 0.00000000	 0.00000004
-0.28007994	-0.62371689	 0.00000000	 0.00000002
-0.26007423	-0.58906595	 0.00000000	 0.00000004
-0.24006852	-0.55441501	 0.00000000	 0.00000035
-0.22006281	-0.51976407	 0.00000000	 0.00000063
-0.20005710	-0.48511313	 0.00000000	 0.00000138
-0.18005139	-0.45046220	 0.00000000	 0.00000298
-0.16004568	-0.41581126	 0.00000000	 0.00000551
-0.14003997	-0.38116032	 0.00000000	 0.00001219
-0.12003426	-0.34650938	 0.00000000	 0.00002320
-0.10002855	-0.31185844	 0.00000000	 0.00005320
-0.08002284	-0.27720750	 0.00000000	 0.00010115
-0.06001713	-0.24255657	 0.00000000	 0.00021317
-0.04001142	-0.20790563	 0.00000000	 0.00034904
-0.02000571	-0.17325469	 0.00000000	 0.00038252
 0.00000000	-0.13860375	 0.00000000	 0.00000000
 0.02000571	-0.10395281	 0.00000000	 0.01092738
 0.04001142	-0.06930188	 0.00000000	 0.23614090
 0.06001713	-0.03465094	 0.00000000	 0.97966205
 0.08002284	 0.00000000	 0.00000000	 0.92061228
 0.10002855	 0.03465094	 0.00000000	 0.38463962
 0.12003426	 0.06930188	 0.00000000	 0.14369441
 0.14003997	 0.10395281	 0.00000000	 0.05268839
 0.16004568	 0.13860375	 0.00000000	 0.01945168
 0.18005139	 0.17325469	 0.00000000	 0.00766142
 0.20005710	 0.20790563	 0.00000000	 0.00308554
 0.22006281	 0.24255657	 0.00000000	 0.00131199
 0.24006852	 0.27720750	 0.00000000	 0.00057639
 0.26007423	 0.31185844	 0.00000000	 0.00025024
 0.28007994	 0.34650938	 0.00000000	 0.00010959
 0.30008565	 0.38116032	 0.00000000	 0.00004384
 0.32009136	 0.41581126	 0.00000000	 0.00001687
 0.34009707	 0.45046220	 0.00000000	 0.00000460
 0.36010278	 0.48511313	 0.00000000	 0.00000071
 0.38010849	 0.51976407	 0.00000000	 0.00000000
 0.40011420	 0.55441501	 0.00000000	 0.00000053
 0.42011991	 0.58906595	 0.00000000	 0.00000094
-0.34009707	-0.79697158	 0.00000000	 0.00000141
-0.32009136	-0.76232064	 0.00000000	 0.00000109
-0.30008565	-0.72766970	 0.00000000	 0.00000041
-0.28007994	-0.69301876	 0.00000000	 0.00000003
-0.26007423	-0.65836782	 0.00000000	 0.00000000
-0.24006852	-0.62371689	 0.00000000	 0.00000002
-0.22006281	-0.58906595	 0.00000000	 0.00000009
-0.20005710	-0.55441501	 0.00000000	 0.00000034
-0.18005139	-0.51976407	 0.00000000	 0.00000045
-0.16004568	-0.48511313	 0.00000000	 0.00000149
-0.14003997	-0.45046220	 0.00000000	 0.00000194
-0.12003426	-0.41581126	 0.00000000	 0.00000470
-0.10002855	-0.38116032	 0.00000000	 0.00000697
-0.08002284	-0.34650938	 0.00000000	 0.00001381
-0.06001713	-0.31185844	 0.00000000	 0.00002398
-0.04001142	-0.27720750	 0.00000000	 0.00003174
-0.02000571	-0.24255657	 0.00000000	 0.00003244
 0.00000000	-0.20790563	 0.00000000	 0.00000000
 0.02000571	-0.17325469	 0.00000000	 0.00038252
 0.04001142	-0.13860375	 0.00000000	 0.00657941
 0.06001713	-0.10395281	 0.00000000	 0.06866345
 0.08002284	-0.06930188	 0.00000000	 0.27412897
 0.10002855	-0.03465094	 0.00000000	 0.38463962
 0.12003426	 0.00000000	 0.00000000	 0.25798996
 0.14003997	 0.03465094	 0.00000000	 0.12722098
 0.16004568	 0.06930188	 0.00000000	 0.05935916
 0.18005139	 0.10395281	 0.00000000	 0.02605486
 0.20005710	 0.13860375	 0.00000000	 0.01134352
 0.22006281	 0.17325469	 0.00000000	 0.00483117
 0.24006852	 0.20790563	 0.00000000	 0.00208337
 0.26007423	 0.24255657	 0.00000000	 0.00090589
 0.28007994	 0.27720750	 0.00000000	 0.00039966
 0.30008565	 0.31185844	 0.00000000	 0.00017306
 0.32009136	 0.34650938	 0.00000000	 0.00007414
 0.34009707	 0.38116032	 0.00000000	 0.00002848
 0.36010278	 0.41581126	 0.00000000	 0.00001059
 0.38010849	 0.45046220	 0.00000000	 0.00000239
 0.40011420	 0.48511313	 0.00000000	 0.00000017
 0.42011991	 0.51976407	 0.00000000	 0.00000007
 0.44012562	 0.55441501	 0.00000000	 0.00000083
-0.32009136	-0.83162251	 0.00000000	 0.00000100
-0.30008565	-0.79697158	 0.00000000	 0.00000149
-0.28007994	-0.76232064	 0.00000000	 0.00000080
-0.26007423	-0.72766970	 0.00000000	 0.00000004
-0.24006852	-0.69301876	 0.00000000	 0.00000000
-0.22006281	-0.65836782	 0.00000000	 0.00000001
-0.20005710	-0.62371689	 0.00000000	 0.00000007
-0.18005139	-0.58906595	 0.00000000	 0.00000010
-0.16004568	-0.55441501	 0.00000000	 0.00000015
-0.14003997	-0.51976407	 0.00000000	 0.00000036
-0.12003426	-0.48511313	 0.00000000	 0.00000059
-0.10002855	-0.45046220	 0.00000000	 0.00000103
-0.08002284	-0.41581126	 0.00000000	 0.00000245
-0.06001713	-0.38116032	 0.00000000	 0.00000296
-0.04001142	-0.34650938	 0.00000000	 0.00000455
-0.02000571	-0.31185844	 0.00000000	 0.00000244
 0.00000000	-0.27720750	 0.00000000	 0.00000000
 0.02000571	-0.24255657	 0.00000000	 0.00003244
 0.04001142	-0.20790563	 0.00000000	 0.00034904
 0.06001713	-0.17325469	 0.00000000	 0.00294739
 0.08002284	-0.13860375	 0.00000000	 0.02260706
 0.10002855	-0.10395281	 0.00000000	 0.08287983
 0.12003426	-0.06930188	 0.00000000	 0.14369441
 0.14003997	-0.03465094	 0.00000000	 0.12722098
 0.16004568	 0.00000000	 0.00000000	 0.08052055
 0.18005139	 0.03465094	 0.00000000	 0.04255567
 0.20005710	 0.06930188	 0.00000000	 0.02252633
 0.22006281	 0.10395281	 0.00000000	 0.01182704
 0.24006852	 0.13860375	 0.00000000	 0.00564469
 0.26007423	 0.17325469	 0.00000000	 0.00267654
 0.28007994	 0.20790563	 0.00000000	 0.00122748
 0.30008565	 0.24255657	 0.00000000	 0.00055361
 0.32009136	 0.27720750	 0.00000000	 0.00024689
 0.34009707	 0.31185844	 0.00000000	 0.00010626
 0.36010278	 0.34650938	 0.00000000	 0.00004431
 0.38010849	 0.38116032	 0.00000000	 0.00001510
 0.40011420	 0.41581126	 0.00000000	 0.00000506
 0.42011991	 0.45046220	 0.00000000	 0.00000086
 0.44012562	 0.48511313	 0.00000000	 0.00000000
 0.46013133	 0.51976407	 0.00000000	 0.00000028
-0.30008565	-0.86627345	 0.00000000	 0.00000059
-0.28007994	-0.83162251	 0.00000000	 0.00000117
-0.26007423	-0.79697158	 0.00000000	 0.00000143
-0.24006852	-0.76232064	 0.00000000	 0.00000019
-0.22006281	-0.72766970	 0.00000000	 0.00000001
-0.20005710	-0.69301876	 0.00000000	 0.00000001
-0.18005139	-0.65836782	 0.00000000	 0.00000004
-0.16004568	-0.62371689	 0.00000000	 0.00000002
-0.14003997	-0.58906595	 0.00000000	 0.00000016
-0.12003426	-0.55441501	 0.00000000	 0.00000025
-0.10002855	-0.51976407	 0.00000000	 0.00000039
-0.08002284	-0.48511313	 0.00000000	 0.00000059
-0.06001713	-0.45046220	 0.00000000	 0.00000066
-0.04001142	-0.41581126	 0.00000000	 0.00000067
-0.02000571	-0.38116032	 0.00000000	 0.00000049
 0.00000000	-0.34650938	 0.00000000	 0.00000000
 0.02000571	-0.31185844	 0.00000000	 0.00000244
 0.04001142	-0.27720750	 0.00000000	 0.00003174
 0.06001713	-0.24255657	 0.00000000	 0.00021317
 0.08002284	-0.20790563	 0.00000000	 0.00116814
 0.10002855	-0.17325469	 0.00000000	 0.00791893
 0.12003426	-0.13860375	 0.00000000	 0.02726513
 0.14003997	-0.10395281	 0.00000000	 0.05268839
 0.16004568	-0.06930188	 0.00000000	 0.05935916
 0.18005139	-0.03465094	 0.00000000	 0.04255567
 0.20005710	 0.00000000	 0.00000000	 0.02639149
 0.22006281	 0.03465094	 0.00000000	 0.01461961
 0.24006852	 0.06930188	 0.00000000	 0.00875039
 0.26007423	 0.10395281	 0.00000000	 0.00494433
 0.28007994	 0.13860375	 0.00000000	 0.00263650
 0.30008565	 0.17325469	 0.00000000	 0.00134591
 0.32009136	 0.20790563	 0.00000000	 0.00063978
 0.34009707	 0.24255657	 0.00000000	 0.00030843
 0.36010278	 0.27720750	 0.00000000	 0.00013615
 0.38010849	 0.31185844	 0.00000000	 0.00006013
 0.40011420	 0.34650938	 0.00000000	 0.00002423
 0.42011991	 0.38116032	 0.00000000	 0.00000775
 0.44012562	 0.41581126	 0.00000000	 0.00000194
 0.46013133	 0.45046220	 0.00000000	 0.00000017
 0.48013704	 0.48511313	 0.00000000	 0.00000018
-0.28007994	-0.90092439	 0.00000000	 0.00000046
-0.26007423	-0.86627345	 0.00000000	 0.00000079
-0.24006852	-0.83162251	 0.00000000	 0.00000133
-0.22006281	-0.79697158	 0.00000000	 0.00000073
-0.20005710	-0.76232064	 0.00000000	 0.00000002
-0.18005139	-0.72766970	 0.00000000	 0.00000001
-0.16004568	-0.69301876	 0.00000000	 0.00000001
-0.14003997	-0.65836782	 0.00000000	 0.00000000
-0.12003426	-0.62371689	 0.00000000	 0.00000002
-0.10002855	-0.58906595	 0.00000000	 0.00000005
-0.08002284	-0.55441501	 0.00000000	 0.00000002
-0.06001713	-0.51976407	 0.00000000	 0.00000011
-0.04001142	-0.48511313	 0.00000000	 0.00000009
-0.02000571	-0.45046220	 0.00000000	 0.00000004
 0.00000000	-0.41581126	 0.00000000	 0.00000000
 0.02000571	-0.38116032	 0.00000000	 0.00000049
 0.04001142	-0.34650938	 0.00000000	 0.00000455
 0.06001713	-0.31185844	 0.00000000	 0.00002398
 0.08002284	-0.27720750	 0.00000000	 0.00010115
 0.10002855	-0.24255657	 0.00000000	 0.00050494
 0.12003426	-0.20790563	 0.00000000	 0.00307667
 0.14003997	-0.17325469	 0.00000000	 0.00983744
 0.16004568	-0.13860375	 0.00000000	 0.01945168
 0.18005139	-0.10395281	 0.00000000	 0.02605486
 0.20005710	-0.06930188	 0.00000000	 0.02252633
 0.22006281	-0.03465094	 0.00000000	 0.01461961
 0.24006852	 0.00000000	 0.00000000	 0.00944044
 0.26007423	 0.03465094	 0.00000000	 0.00544773
 0.28007994	 0.06930188	 0.00000000	 0.00333728
 0.30008565	 0.10395281	 0.00000000	 0.00205950
 0.32009136	 0.13860375	 0.00000000	 0.00118416
 0.34009707	 0.17325469	 0.00000000	 0.00062225
 0.36010278	 0.20790563	 0.00000000	 0.00031812
 0.38010849	 0.24255657	 0.00000000	 0.00015206
 0.40011420	 0.27720750	 0.00000000	 0.00006817
 0.42011991	 0.31185844	 0.00000000	 0.00002842
 0.44012562	 0.34650938	 0.00000000	 0.00001131
 0.46013133	 0.38116032	 0.00000000	 0.00000315
 0.48013704	 0.41581126	 0.00000000	 0.00000047
 0.50014275	 0.45046220	 0.00000000	 0.00000000
-0.26007423	-0.93557533	 0.00000000	 0.00000010
-0.24006852	-0.90092439	 0.00000000	 0.00000064
-0.22006281	-0.86627345	 0.00000000	 0.00000092
-0.20005710	-0.83162251	 0.00000000	 0.00000128
-0.18005139	-0.79697158	 0.00000000	 0.00000011
-0.16004568	-0.76232064	 0.00000000	 0.00000002
-0.14003997	-0.72766970	 0.00000000	 0.00000000
-0.12003426	-0.69301876	 0.00000000	 0.00000000
-0.10002855	-0.65836782	 0.00000000	 0.00000002
-0.08002284	-0.62371689	 0.00000000	 0.00000003
-0.06001713	-0.58906595	 0.00000000	 0.00000001
-0.04001142	-0.55441501	 0.00000000	 0.00000004
-0.02000571	-0.51976407	 0.00000000	 0.00000000
 0.00000000	-0.48511313	 0.00000000	 0.00000000
 0.02000571	-0.45046220	 0.00000000	 0.00000004
 0.04001142	-0.41581126	 0.00000000	 0.00000067
 0.06001713	-0.38116032	 0.00000000	 0.00000296
 0.08002284	-0.34650938	 0.00000000	 0.00001381
 0.10002855	-0.31185844	 0.00000000	 0.00005320
 0.12003426	-0.27720750	 0.00000000	 0.00020434
 0.14003997	-0.24255657	 0.00000000	 0.00127483
 0.16004568	-0.20790563	 0.00000000	 0.00386963
 0.18005139	-0.17325469	 0.00000000	 0.00766142
 0.20005710	-0.13860375	 0.00000000	 0.01134352
 0.22006281	-0.10395281	 0.00000000	 0.01182704
 0.24006852	-0.06930188	 0.00000000	 0.00875039
 0.26007423	-0.03465094	 0.00000000	 0.00544773
 0.28007994	 0.00000000	 0.00000000	 0.00359164
 0.30008565	 0.03465094	 0.00000000	 0.00206350
 0.32009136	 0.06930188	 0.00000000	 0.00134261
 0.34009707	 0.10395281	 0.00000000	 0.00085364
 0.36010278	 0.13860375	 0.00000000	 0.00050443
 0.38010849	 0.17325469	 0.00000000	 0.00028691
 0.40011420	 0.20790563	 0.00000000	 0.00014549
 0.42011991	 0.24255657	 0.00000000	 0.00007214
 0.44012562	 0.27720750	 0.00000000	 0.00003293
 0.46013133	 0.31185844	 0.00000000	 0.00001218
 0.48013704	 0.34650938	 0.00000000	 0.00000474
 0.50014275	 0.38116032	 0.00000000	 0.00000088
 0.52014846	 0.41581126	 0.00000000	 0.00000003
-0.24006852	-0.97022627	 0.00000000	 0.00000003
-0.22006281	-0.93557533	 0.00000000	 0.00000031
-0.20005710	-0.90092439	 0.00000000	 0.00000074
-0.18005139	-0.86627345	 0.00000000	 0.00000103
-0.16004568	-0.83162251	 0.00000000	 0.00000059
-0.14003997	-0.79697158	 0.00000000	 0.00000005
-0.12003426	-0.76232064	 0.00000000	 0.00000000
-0.10002855	-0.72766970	 0.00000000	 0.00000000
-0.08002284	-0.69301876	 0.00000000	 0.00000000
-0.06001713	-0.65836782	 0.00000000	 0.00000001
-0.04001142	-0.62371689	 0.00000000	 0.00000000
-0.02000571	-0.58906595	 0.00000000	 0.00000005
 0.00000000	-0.55441501	 0.00000000	 0.00000000
 0.02000571	-0.51976407	 0.00000000	 0.00000000
 0.04001142	-0.48511313	 0.00000000	 0.00000009
 0.06001713	-0.45046220	 0.00000000	 0.00000066
 0.08002284	-0.41581126	 0.00000000	 0.00000245
 0.10002855	-0.38116032	 0.00000000	 0.00000697
 0.12003426	-0.34650938	 0.00000000	 0.00002320
 0.14003997	-0.31185844	 0.00000000	 0.00009454
 0.16004568	-0.27720750	 0.00000000	 0.00054949
 0.18005139	-0.24255657	 0.00000000	 0.00161771
 0.20005710	-0.20790563	 0.00000000	 0.00308554
 0.22006281	-0.17325469	 0.00000000	 0.00483117
 0.24006852	-0.13860375	 0.00000000	 0.00564469
 0.26007423	-0.10395281	 0.00000000	 0.00494433
 0.28007994	-0.06930188	 0.00000000	 0.00333728
 0.30008565	-0.03465094	 0.00000000	 0.00206350
 0.32009136	 0.00000000	 0.00000000	 0.00140762
 0.34009707	 0.03465094	 0.00000000	 0.00083737
 0.36010278	 0.06930188	 0.00000000	 0.00054347
 0.38010849	 0.10395281	 0.00000000	 0.00035016
 0.40011420	 0.13860375	 0.00000000	 0.00021843
 0.42011991	 0.17325469	 0.00000000	 0.00012300
 0.44012562	 0.20790563	 0.00000000	 0.00006357
 0.46013133	 0.24255657	 0.00000000	 0.00003190
 0.48013704	 0.27720750	 0.00000000	 0.00001410
 0.50014275	 0.31185844	 0.00000000	 0.00000492
 0.52014846	 0.34650938	 0.00000000	 0.00000162
 0.54015417	 0.38116032	 0.00000000	 0.00000016
-0.22006281	-1.00487721	 0.00000000	 0.00000000
-0.20005710	-0.97022627	 0.00000000	 0.00000013
-0.18005139	-0.93557533	 0.00000000	 0.00000045
-0.16004568	-0.90092439	 0.00000000	 0.00000079
-0.14003997	-0.86627345	 0.00000000	 0.00000091
-0.12003426	-0.83162251	 0.00000000	 0.00000009
-0.10002855	-0.79697158	 0.00000000	 0.00000001
-0.08002284	-0.76232064	 0.00000000	 0.00000000
-0.06001713	-0.72766970	 0.00000000	 0.00000000
-0.04001142	-0.69301876	 0.00000000	 0.00000001
-0.02000571	-0.65836782	 0.00000000	 0.00000001
 0.00000000	-0.62371689	 0.00000000	 0.00000000
 0.02000571	-0.58906595	 0.00000000	 0.00000005
 0.04001142	-0.55441501	 0.00000000	 0.00000004
 0.06001713	-0.51976407	 0.00000000	 0.00000011
 0.08002284	-0.48511313	 0.00000000	 0.00000059
 0.10002855	-0.45046220	 0.00000000	 0.00000103
 0.12003426	-0.41581126	 0.00000000	 0.00000470
 0.14003997	-0.38116032	 0.00000000	 0.00001219
 0.16004568	-0.34650938	 0.00000000	 0.00004117
 0.18005139	-0.31185844	 0.00000000	 0.00024718
 0.20005710	-0.27720750	 0.00000000	 0.00070769
 0.22006281	-0.24255657	 0.00000000	 0.00131199
 0.24006852	-0.20790563	 0.00000000	 0.00208337
 0.26007423	-0.17325469	 0.00000000	 0.00267654
 0.28007994	-0.13860375	 0.00000000	 0.00263650
 0.30008565	-0.10395281	 0.00000000	 0.00205950
 0.32009136	-0.06930188	 0.00000000	 0.00134261
 0.34009707	-0.03465094	 0.00000000	 0.00083737
 0.36010278	 0.00000000	 0.00000000	 0.00058013
 0.38010849	 0.03465094	 0.00000000	 0.00033545
 0.40011420	 0.06930188	 0.00000000	 0.00022355
 0.42011991	 0.10395281	 0.00000000	 0.00014954
 0.44012562	 0.13860375	 0.00000000	 0.00008950
 0.46013133	 0.17325469	 0.00000000	 0.00005316
 0.48013704	 0.20790563	 0.00000000	 0.00002677
 0.50014275	 0.24255657	 0.00000000	 0.00001233
 0.52014846	 0.27720750	 0.00000000	 0.00000559
 0.54015417	 0.31185844	 0.00000000	 0.00000153
 0.56015988	 0.34650938	 0.00000000	 0.00000039
-0.20005710	-1.03952814	 0.00000000	 0.00000004
-0.18005139	-1.00487721	 0.00000000	 0.00000006
-0.16004568	-0.97022627	 0.00000000	 0.00000021
-0.14003997	-0.93557533	 0.00000000	 0.00000055
-0.12003426	-0.90092439	 0.00000000	 0.00000071
-0.10002855	-0.86627345	 0.00000000	 0.00000048
-0.08002284	-0.83162251	 0.00000000	 0.00000003
-0.06001713	-0.79697158	 0.00000000	 0.00000000
-0.04001142	-0.76232064	 0.00000000	 0.00000000
-0.02000571	-0.72766970	 0.00000000	 0.00000000
 0.00000000	-0.69301876	 0.00000000	 0.00000000
 0.02000571	-0.65836782	 0.00000000	 0.00000001
 0.04001142	-0.62371689	 0.00000000	 0.00000000
 0.06001713	-0.58906595	 0.00000000	 0.00000001
 0.08002284	-0.55441501	 0.00000000	 0.00000002
 0.10002855	-0.51976407	 0.00000000	 0.00000039
 0.12003426	-0.48511313	 0.00000000	 0.00000059
 0.14003997	-0.45046220	 0.00000000	 0.00000194
 0.16004568	-0.41581126	 0.00000000	 0.00000551
 0.18005139	-0.38116032	 0.00000000	 0.00001910
 0.20005710	-0.34650938	 0.00000000	 0.00011229
 0.22006281	-0.31185844	 0.00000000	 0.00030772
 0.24006852	-0.27720750	 0.00000000	 0.00057639
 0.26007423	-0.24255657	 0.00000000	 0.00090589
 0.28007994	-0.20790563	 0.00000000	 0.00122748
 0.30008565	-0.17325469	 0.00000000	 0.00134591
 0.32009136	-0.13860375	 0.00000000	 0.00118416
 0.34009707	-0.10395281	 0.00000000	 0.00085364
 0.36010278	-0.06930188	 0.00000000	 0.00054347
 0.38010849	-0.03465094	 0.00000000	 0.00033545
 0.40011420	 0.00000000	 0.00000000	 0.00023972
 0.42011991	 0.03465094	 0.00000000	 0.00014006
 0.44012562	 0.06930188	 0.00000000	 0.00009329
 0.46013133	 0.10395281	 0.00000000	 0.00006073
 0.48013704	 0.13860375	 0.00000000	 0.00003714
 0.50014275	 0.17325469	 0.00000000	 0.00002242
 0.52014846	 0.20790563	 0.00000000	 0.00001062
 0.54015417	 0.24255657	 0.00000000	 0.00000507
 0.56015988	 0.27720750	 0.00000000	 0.00000192
 0.58016559	 0.31185844	 0.00000000	 0.00000041
-0.18005139	-1.07417908	 0.00000000	 0.00000008
-0.16004568	-1.03952814	 0.00000000	 0.00000000
-0.14003997	-1.00487721	 0.00000000	 0.00000011
-0.12003426	-0.97022627	 0.00000000	 0.00000026
-0.10002855	-0.93557533	 0.00000000	 0.00000051
-0.08002284	-0.90092439	 0.00000000	 0.00000065
-0.06001713	-0.86627345	 0.00000000	 0.00000004
-0.04001142	-0.83162251	 0.00000000	 0.00000000
-0.02000571	-0.79697158	 0.00000000	 0.00000000
 0.00000000	-0.76232064	 0.00000000	 0.00000000
 0.02000571	-0.72766970	 0.00000000	 0.00000000
 0.04001142	-0.69301876	 0.00000000	 0.00000001
 0.06001713	-0.65836782	 0.00000000	 0.00000001
 0.08002284	-0.62371689	 0.00000000	 0.00000003
 0.10002855	-0.58906595	 0.00000000	 0.00000005
 0.12003426	-0.55441501	 0.00000000	 0.00000025
 0.14003997	-0.51976407	 0.00000000	 0.00000036
 0.16004568	-0.48511313	 0.00000000	 0.00000149
 0.18005139	-0.45046220	 0.00000000	 0.00000298
 0.20005710	-0.41581126	 0.00000000	 0.00000783
 0.22006281	-0.38116032	 0.00000000	 0.00005193
 0.24006852	-0.34650938	 0.00000000	 0.00013655
 0.26007423	-0.31185844	 0.00000000	 0.00025024
 0.28007994	-0.27720750	 0.00000000	 0.00039966
 0.30008565	-0.24255657	 0.00000000	 0.00055361
 0.32009136	-0.20790563	 0.00000000	 0.00063978
 0.34009707	-0.17325469	 0.00000000	 0.00062225
 0.36010278	-0.13860375	 0.00000000	 0.00050443
 0.38010849	-0.10395281	 0.00000000	 0.00035016
 0.40011420	-0.06930188	 0.00000000	 0.00022355
 0.42011991	-0.03465094	 0.00000000	 0.00014006
 0.44012562	 0.00000000	 0.00000000	 0.00010355
 0.46013133	 0.03465094	 0.00000000	 0.00005728
 0.48013704	 0.06930188	 0.00000000	 0.00003792
 0.50014275	 0.10395281	 0.00000000	 0.00002554
 0.52014846	 0.13860375	 0.00000000	 0.00001457
 0.54015417	 0.17325469	 0.00000000	 0.00000850
 0.56015988	 0.20790563	 0.00000000	 0.00000405
 0.58016559	 0.24255657	 0.00000000	 0.00000166
 0.60017130	 0.27720750	 0.00000000	 0.00000053
-0.16004568	-1.10883002	 0.00000000	 0.00000011
-0.14003997	-1.07417908	 0.00000000	 0.00000000
-0.12003426	-1.03952814	 0.00000000	 0.00000003
-0.10002855	-1.00487721	 0.00000000	 0.00000012
-0.08002284	-0.97022627	 0.00000000	 0.00000022
-0.06001713	-0.93557533	 0.00000000	 0.00000041
-0.04001142	-0.90092439	 0.00000000	 0.00000037
-0.02000571	-0.86627345	 0.00000000	 0.00000000
 0.00000000	-0.83162251	 0.00000000	 0.00000000
 0.02000571	-0.79697158	 0.00000000	 0.00000000
 0.04001142	-0.76232064	 0.00000000	 0.00000000
 0.06001713	-0.72766970	 0.00000000	 0.00000000
 0.08002284	-0.69301876	 0.00000000	 0.00000000
 0.10002855	-0.65836782	 0.00000000	 0.00000002
 0.12003426	-0.62371689	 0.00000000	 0.00000002
 0.14003997	-0.58906595	 0.00000000	 0.00000016
 0.16004568	-0.55441501	 0.00000000	 0.00000015
 0.18005139	-0.51976407	 0.00000000	 0.00000045
 0.20005710	-0.48511313	 0.00000000	 0.00000138
 0.22006281	-0.45046220	 0.00000000	 0.00000374
 0.24006852	-0.41581126	 0.00000000	 0.00002237
 0.26007423	-0.38116032	 0.00000000	 0.00005826
 0.28007994	-0.34650938	 0.00000000	 0.00010959
 0.30008565	-0.31185844	 0.00000000	 0.00017306
 0.32009136	-0.27720750	 0.00000000	 0.00024689
 0.34009707	-0.24255657	 0.00000000	 0.00030843
 0.36010278	-0.20790563	 0.00000000	 0.00031812
 0.38010849	-0.17325469	 0.00000000	 0.00028691
 0.40011420	-0.13860375	 0.00000000	 0.00021843
 0.42011991	-0.10395281	 0.00000000	 0.00014954
 0.44012562	-0.06930188	 0.00000000	 0.00009329
 0.46013133	-0.03465094	 0.00000000	 0.00005728
 0.48013704	 0.00000000	 0.00000000	 0.00004295
 0.50014275	 0.03465094	 0.00000000	 0.00002368
 0.52014846	 0.06930188	 0.00000000	 0.00001597
 0.54015417	 0.10395281	 0.00000000	 0.00001013
 0.56015988	 0.13860375	 0.00000000	 0.00000572
 0.58016559	 0.17325469	 0.00000000	 0.00000328
 0.60017130	 0.20790563	 0.00000000	 0.00000136
 0.62017701	 0.24255657	 0.00000000	 0.00000051
-0.14003997	-1.14348096	 0.00000000	 0.00000014
-0.12003426	-1.10883002	 0.00000000	 0.00000001
-0.10002855	-1.07417908	 0.00000000	 0.00000000
-0.08002284	-1.03952814	 0.00000000	 0.00000004
-0.06001713	-1.00487721	 0.00000000	 0.00000009
-0.04001142	-0.97022627	 0.00000000	 0.00000012
-0.02000571	-0.93557533	 0.00000000	 0.00000022
 0.00000000	-0.90092439	 0.00000000	 0.00000000
 0.02000571	-0.86627345	 0.00000000	 0.00000000
 0.04001142	-0.83162251	 0.00000000	 0.00000000
 0.06001713	-0.79697158	 0.00000000	 0.00000000
 0.08002284	-0.76232064	 0.00000000	 0.00000000
 0.10002855	-0.72766970	 0.00000000	 0.00000000
 0.12003426	-0.69301876	 0.00000000	 0.00000000
 0.14003997	-0.65836782	 0.00000000	 0.00000000
 0.16004568	-0.62371689	 0.00000000	 0.00000002
 0.18005139	-0.58906595	 0.00000000	 0.00000010
 0.20005710	-0.55441501	 0.00000000	 0.00000034
 0.22006281	-0.51976407	 0.00000000	 0.00000063
 0.24006852	-0.48511313	 0.00000000	 0.00000133
 0.26007423	-0.45046220	 0.00000000	 0.00000916
 0.28007994	-0.41581126	 0.00000000	 0.00002251
 0.30008565	-0.38116032	 0.00000000	 0.00004384
 0.32009136	-0.34650938	 0.00000000	 0.00007414
 0.34009707	-0.31185844	 0.00000000	 0.00010626
 0.36010278	-0.27720750	 0.00000000	 0.00013615
 0.38010849	-0.24255657	 0.00000000	 0.00015206
 0.40011420	-0.20790563	 0.00000000	 0.00014549
 0.42011991	-0.17325469	 0.00000000	 0.00012300
 0.44012562	-0.13860375	 0.00000000	 0.00008950
 0.46013133	-0.10395281	 0.00000000	 0.00006073
 0.48013704	-0.06930188	 0.00000000	 0.00003792
 0.50014275	-0.03465094	 0.00000000	 0.00002368
 0.52014846	 0.00000000	 0.00000000	 0.00001824
 0.54015417	 0.03465094	 0.00000000	 0.00000965
 0.56015988	 0.06930188	 0.00000000	 0.00000609
 0.58016559	 0.10395281	 0.00000000	 0.00000397
 0.60017130	 0.13860375	 0.00000000	 0.00000221
 0.62017701	 0.17325469	 0.00000000	 0.00000110
 0.64018272	 0.20790563	 0.00000000	 0.00000046
-0.12003426	-1.17813190	 0.00000000	 0.00000012
-0.10002855	-1.14348096	 0.00000000	 0.00000003
-0.08002284	-1.10883002	 0.00000000	 0.00000000
-0.06001713	-1.07417908	 0.00000000	 0.00000001
-0.04001142	-1.03952814	 0.00000000	 0.00000002
-0.02000571	-1.00487721	 0.00000000	 0.00000002
 0.00000000	-0.97022627	 0.00000000	 0.00000002
 0.02000571	-0.93557533	 0.00000000	 0.00000022
 0.04001142	-0.90092439	 0.00000000	 0.00000037
 0.06001713	-0.86627345	 0.00000000	 0.00000004
 0.08002284	-0.83162251	 0.00000000	 0.00000003
 0.10002855	-0.79697158	 0.00000000	 0.00000001
 0.12003426	-0.76232064	 0.00000000	 0.00000000
 0.14003997	-0.72766970	 0.00000000	 0.00000000
 0.16004568	-0.69301876	 0.00000000	 0.00000001
 0.18005139	-0.65836782	 0.00000000	 0.00000004
 0.20005710	-0.62371689	 0.00000000	 0.00000007
 0.22006281	-0.58906595	 0.00000000	 0.00000009
 0.24006852	-0.55441501	 0.00000000	 0.00000035
 0.26007423	-0.51976407	 0.00000000	 0.00000061
 0.28007994	-0.48511313	 0.00000000	 0.00000298
 0.30008565	-0.45046220	 0.00000000	 0.00000789
 0.32009136	-0.41581126	 0.00000000	 0.00001687
 0.34009707	-0.38116032	 0.00000000	 0.00002848
 0.36010278	-0.34650938	 0.00000000	 0.00004431
 0.38010849	-0.31185844	 0.00000000	 0.00006013
 0.40011420	-0.27720750	 0.00000000	 0.00006817
 0.42011991	-0.24255657	 0.00000000	 0.00007214
 0.44012562	-0.20790563	 0.00000000	 0.00006357
 0.46013133	-0.17325469	 0.00000000	 0.00005316
 0.48013704	-0.13860375	 0.00000000	 0.00003714
 0.50014275	-0.10395281	 0.00000000	 0.00002554
 0.52014846	-0.06930188	 0.00000000	 0.00001597
 0.54015417	-0.03465094	 0.00000000	 0.00000965
 0.56015988	 0.00000000	 0.00000000	 0.00000731
 0.58016559	 0.03465094	 0.00000000	 0.00000385
 0.60017130	 0.06930188	 0.00000000	 0.00000245
 0.62017701	 0.10395281	 0.00000000	 0.00000144
 0.64018272	 0.13860375	 0.00000000	 0.00000074
 0.66018843	 0.17325469	 0.00000000	 0.00000035
-0.10002855	-1.21278283	 0.00000000	 0.00000010
-0.08002284	-1.17813190	 0.00000000	 0.00000003
-0.06001713	-1.14348096	 0.00000000	 0.00000000
-0.04001142	-1.10883002	 0.00000000	 0.00000000
-0.02000571	-1.07417908	 0.00000000	 0.00000000
 0.00000000	-1.03952814	 0.00000000	 0.00000001
 0.02000571	-1.00487721	 0.00000000	 0.00000002
 0.04001142	-0.97022627	 0.00000000	 0.00000012
 0.06001713	-0.93557533	 0.00000000	 0.00000041
 0.08002284	-0.90092439	 0.00000000	 0.00000065
 0.10002855	-0.86627345	 0.00000000	 0.00000048
 0.12003426	-0.83162251	 0.00000000	 0.00000009
 0.14003997	-0.79697158	 0.00000000	 0.00000005
 0.16004568	-0.76232064	 0.00000000	 0.00000002
 0.18005139	-0.72766970	 0.00000000	 0.00000001
 0.20005710	-0.69301876	 0.00000000	 0.00000001
 0.22006281	-0.65836782	 0.00000000	 0.00000001
 0.24006852	-0.62371689	 0.00000000	 0.00000002
 0.26007423	-0.58906595	 0.00000000	 0.00000004
 0.28007994	-0.55441501	 0.00000000	 0.00000011
 0.30008565	-0.51976407	 0.00000000	 0.00000058
 0.32009136	-0.48511313	 0.00000000	 0.00000182
 0.34009707	-0.45046220	 0.00000000	 0.00000460
 0.36010278	-0.41581126	 0.00000000	 0.00001059
 0.38010849	-0.38116032	 0.00000000	 0.00001510
 0.40011420	-0.34650938	 0.00000000	 0.00002423
 0.42011991	-0.31185844	 0.00000000	 0.00002842
 0.44012562	-0.27720750	 0.00000000	 0.00003293
 0.46013133	-0.24255657	 0.00000000	 0.00003190
 0.48013704	-0.20790563	 0.00000000	 0.00002677
 0.50014275	-0.17325469	 0.00000000	 0.00002242
 0.52014846	-0.13860375	 0.00000000	 0.00001457
 0.54015417	-0.10395281	 0.00000000	 0.00001013
 0.56015988	-0.06930188	 0.00000000	 0.00000609
 0.58016559	-0.03465094	 0.00000000	 0.00000385
 0.60017130	 0.00000000	 0.00000000	 0.00000291
 0.62017701	 0.03465094	 0.00000000	 0.00000155
 0.64018272	 0.06930188	 0.00000000	 0.00000090
 0.66018843	 0.10395281	 0.00000000	 0.00000051
 0.68019414	 0.13860375	 0.00000000	 0.00000027
-0.08002284	-1.24743377	 0.00000000	 0.00000008
-0.06001713	-1.21278283	 0.00000000	 0.00000003
-0.04001142	-1.17813190	 0.00000000	 0.00000001
-0.02000571	-1.14348096	 0.00000000	 0.00000000
 0.00000000	-1.10883002	 0.00000000	 0.00000000
 0.02000571	-1.07417908	 0.00000000	 0.00000000
 0.04001142	-1.03952814	 0.00000000	 0.00000002
 0.06001713	-1.00487721	 0.00000000	 0.00000009
 0.08002284	-0.97022627	 0.00000000	 0.00000022
 0.10002855	-0.93557533	 0.00000000	 0.00000051
 0.12003426	-0.90092439	 0.00000000	 0.00000071
 0.14003997	-0.86627345	 0.00000000	 0.00000091
 0.16004568	-0.83162251	 0.00000000	 0.00000059
 0.18005139	-0.79697158	 0.00000000	 0.00000011
 0.20005710	-0.76232064	 0.00000000	 0.00000002
 0.22006281	-0.72766970	 0.00000000	 0.00000001
 0.24006852	-0.69301876	 0.00000000	 0.00000000
 0.26007423	-0.65836782	 0.00000000	 0.00000000
 0.28007994	-0.62371689	 0.00000000	 0.00000002
 0.30008565	-0.58906595	 0.00000000	 0.00000004
 0.32009136	-0.55441501	 0.00000000	 0.00000000
 0.34009707	-0.51976407	 0.00000000	 0.00000022
 0.36010278	-0.48511313	 0.00000000	 0.00000071
 0.38010849	-0.45046220	 0.00000000	 0.00000239
 0.40011420	-0.41581126	 0.00000000	 0.00000506
 0.42011991	-0.38116032	 0.00000000	 0.00000775
 0.44012562	-0.34650938	 0.00000000	 0.00001131
 0.46013133	-0.31185844	 0.00000000	 0.00001218
 0.48013704	-0.27720750	 0.00000000	 0.00001410
 0.50014275	-0.24255657	 0.00000000	 0.00001233
 0.52014846	-0.20790563	 0.00000000	 0.00001062
 0.54015417	-0.17325469	 0.00000000	 0.00000850
 0.56015988	-0.13860375	 0.00000000	 0.00000572
 0.58016559	-0.10395281	 0.00000000	 0.00000397
 0.60017130	-0.06930188	 0.00000000	 0.00000245
 0.62017701	-0.03465094	 0.00000000	 0.00000155
 0.64018272	 0.00000000	 0.00000000	 0.00000106
 0.66018843	 0.03465094	 0.00000000	 0.00000057
 0.68019414	 0.06930188	 0.00000000	 0.00000034
 0.70019985	 0.10395281	 0.00000000	 0.00000018
-0.06001713	-1.28208471	 0.00000000	 0.00000006
-0.04001142	-1.24743377	 0.00000000	 0.00000003
-0.02000571	-1.21278283	 0.00000000	 0.00000001
 0.00000000	-1.17813190	 0.00000000	 0.00000001
 0.02000571	-1.14348096	 0.00000000	 0.00000000
 0.04001142	-1.10883002	 0.00000000	 0.00000000
 0.06001713	-1.07417908	 0.00000000	 0.00000001
 0.08002284	-1.03952814	 0.00000000	 0.00000004
 0.10002855	-1.00487721	 0.00000000	 0.00000012
 0.12003426	-0.97022627	 0.00000000	 0.00000026
 0.14003997	-0.93557533	 0.00000000	 0.00000055
 0.16004568	-0.90092439	 0.00000000	 0.00000079
 0.18005139	-0.86627345	 0.00000000	 0.00000103
 0.20005710	-0.83162251	 0.00000000	 0.00000128
 0.22006281	-0.79697158	 0.00000000	 0.00000073
 0.24006852	-0.76232064	 0.00000000	 0.00000019
 0.26007423	-0.72766970	 0.00000000	 0.00000004
 0.28007994	-0.69301876	 0.00000000	 0.00000003
 0.30008565	-0.65836782	 0.00000000	 0.00000004
 0.32009136	-0.62371689	 0.00000000	 0.00000005
 0.34009707	-0.58906595	 0.00000000	 0.00000015
 0.36010278	-0.55441501	 0.00000000	 0.00000020
 0.38010849	-0.51976407	 0.00000000	 0.00000000
 0.40011420	-0.48511313	 0.00000000	 0.00000017
 0.42011991	-0.45046220	 0.00000000	 0.00000086
 0.44012562	-0.41581126	 0.00000000	 0.00000194
 0.46013133	-0.38116032	 0.00000000	 0.00000315
 0.48013704	-0.34650938	 0.00000000	 0.00000474
 0.50014275	-0.31185844	 0.00000000	 0.00000492
 0.52014846	-0.27720750	 0.00000000	 0.00000559
 0.54015417	-0.24255657	 0.00000000	 0.00000507
 0.56015988	-0.20790563	 0.00000000	 0.00000405
 0.58016559	-0.17325469	 0.00000000	 0.00000328
 0.60017130	-0.13860375	 0.00000000	 0.00000221
 0.62017701	-0.10395281	 0.00000000	 0.00000144
 0.64018272	-0.06930188	 0.00000000	 0.00000090
 0.66018843	-0.03465094	 0.00000000	 0.00000057
 0.68019414	 0.00000000	 0.00000000	 0.00000040
 0.70019985	 0.03465094	 0.00000000	 0.00000023
 0.72020556	 0.06930188	 0.00000000	 0.00000012
-0.04001142	-1.31673565	 0.00000000	 0.00000006
-0.02000571	-1.28208471	 0.00000000	 0.00000004
 0.00000000	-1.24743377	 0.00000000	 0.00000002
 0.02000571	-1.21278283	 0.00000000	 0.00000001
 0.04001142	-1.17813190	 0.00000000	 0.00000001
 0.06001713	-1.14348096	 0.00000000	 0.00000000
 0.08002284	-1.10883002	 0.00000000	 0.00000000
 0.10002855	-1.07417908	 0.00000000	 0.00000000
 0.12003426	-1.03952814	 0.00000000	 0.00000003
 0.14003997	-1.00487721	 0.00000000	 0.00000011
 0.16004568	-0.97022627	 0.00000000	 0.00000021
 0.18005139	-0.93557533	 0.00000000	 0.00000045
 0.20005710	-0.90092439	 0.00000000	 0.00000074
 0.22006281	-0.86627345	 0.00000000	 0.00000092
 0.24006852	-0.83162251	 0.00000000	 0.00000133
 0.26007423	-0.79697158	 0.00000000	 0.00000143
 0.28007994	-0.76232064	 0.00000000	 0.00000080
 0.30008565	-0.72766970	 0.00000000	 0.00000041
 0.32009136	-0.69301876	 0.00000000	 0.00000019
 0.34009707	-0.65836782	 0.00000000	 0.00000022
 0.36010278	-0.62371689	 0.00000000	 0.00000052
 0.38010849	-0.58906595	 0.00000000	 0.00000054
 0.40011420	-0.55441501	 0.00000000	 0.00000053
 0.42011991	-0.51976407	 0.00000000	 0.00000007
 0.44012562	-0.48511313	 0.00000000	 0.00000000
 0.46013133	-0.45046220	 0.00000000	 0.00000017
 0.48013704	-0.41581126	 0.00000000	 0.00000047
 0.50014275	-0.38116032	 0.00000000	 0.00000088
 0.52014846	-0.34650938	 0.00000000	 0.00000162
 0.54015417	-0.31185844	 0.00000000	 0.00000153
 0.56015988	-0.27720750	 0.00000000	 0.00000192
 0.58016559	-0.24255657	 0.00000000	 0.00000166
 0.60017130	-0.20790563	 0.00000000	 0.00000136
 0.62017701	-0.17325469	 0.00000000	 0.00000110
 0.64018272	-0.13860375	 0.00000000	 0.00000074
 0.66018843	-0.10395281	 0.00000000	 0.00000051
 0.68019414	-0.06930188	 0.00000000	 0.00000034
 0.70019985	-0.03465094	 0.00000000	 0.00000023
 0.72020556	 0.00000000	 0.00000000	 0.00000015
 0.74021127	 0.03465094	 0.00000000	 0.00000009
-0.02000571	-1.35138659	 0.00000000	 0.00000005
 0.00000000	-1.31673565	 0.00000000	 0.00000004
 0.02000571	-1.28208471	 0.00000000	 0.00000004
 0.04001142	-1.24743377	 0.00000000	 0.00000003
 0.06001713	-1.21278283	 0.00000000	 0.00000003
 0.08002284	-1.17813190	 0.00000000	 0.00000003
 0.10002855	-1.14348096	 0.00000000	 0.00000003
 0.12003426	-1.10883002	 0.00000000	 0.00000001
 0.14003997	-1.07417908	 0.00000000	 0.00000000
 0.16004568	-1.03952814	 0.00000000	 0.00000000
 0.18005139	-1.00487721	 0.00000000	 0.00000006
 0.20005710	-0.97022627	 0.00000000	 0.00000013
 0.22006281	-0.93557533	 0.00000000	 0.00000031
 0.24006852	-0.90092439	 0.00000000	 0.00000064
 0.26007423	-0.86627345	 0.00000000	 0.00000079
 0.28007994	-0.83162251	 0.00000000	 0.00000117
 0.30008565	-0.79697158	 0.00000000	 0.00000149
 0.32009136	-0.76232064	 0.00000000	 0.00000109
 0.34009707	-0.72766970	 0.00000000	 0.00000088
 0.36010278	-0.69301876	 0.00000000	 0.00000046
 0.38010849	-0.65836782	 0.00000000	 0.00000075
 0.40011420	-0.62371689	 0.00000000	 0.00000101
 0.42011991	-0.58906595	 0.00000000	 0.00000094
 0.44012562	-0.55441501	 0.00000000	 0.00000083
 0.46013133	-0.51976407	 0.00000000	 0.00000028
 0.48013704	-0.48511313	 0.00000000	 0.00000018
 0.50014275	-0.45046220	 0.00000000	 0.00000000
 0.52014846	-0.41581126	 0.00000000	 0.00000003
 0.54015417	-0.38116032	 0.00000000	 0.00000016
 0.56015988	-0.34650938	 0.00000000	 0.00000039
 0.58016559	-0.31185844	 0.00000000	 0.00000041
 0.60017130	-0.27720750	 0.00000000	 0.00000053
 0.62017701	-0.24255657	 0.00000000	 0.00000051
 0.64018272	-0.20790563	 0.00000000	 0.00000046
 0.66018843	-0.17325469	 0.00000000	 0.00000035
 0.68019414	-0.13860375	 0.00000000	 0.00000027
 0.70019985	-0.10395281	 0.00000000	 0.00000018
 0.72020556	-0.06930188	 0.00000000	 0.00000012
 0.74021127	-0.03465094	 0.00000000	 0.00000009
 0.76021698	 0.00000000	 0.00000000	 0.00000007
#
