 0.00000000	 5.10445401
 0.06930188	 4.04880273
 0.13860375	 0.56068443
 0.20790563	 0.04864927
 0.27720750	 0.00381548
 0.34650938	 0.00027159
 0.41581126	 0.00000077
 0.48511313	 0.00001144
 0.55441501	 0.00000000
 0.62371689	 0.00000000
 0.69301876	 0.00000000
 0.76232064	 0.00000000
 0.83162251	 0.00000000
 0.90092439	 0.00001144
 0.97022627	 0.00000077
 1.03952814	 0.00027155
 1.10883002	 0.00381515
 1.17813190	 0.04864723
 1.24743377	 0.56068716
 1.31673565	 4.04950075
 0.00000000	 6.80922786
 0.03465094	 5.87716925
 0.06930188	 2.44993598
 0.10395281	 1.76249408
 0.13860375	 0.66283515
 0.17325469	 0.19640752
 0.20790563	 0.05509526
 0.24255657	 0.01600798
 0.27720750	 0.00456057
 0.31185844	 0.00130154
 0.34650938	 0.00031430
 0.38116032	 0.00005979
 0.41581126	 0.00000261
 0.45046220	 0.00000254
 0.48511313	 0.00001285
 0.51976407	 0.00001991
 0.55441501	 0.00000000
 0.58906595	 0.00000000
 0.62371689	 0.00000000
 0.65836782	 0.00000000
 0.69301876	 0.00000000
 0.72766970	 0.00000000
 0.76232064	 0.00000000
 0.79697158	 0.00000000
 0.83162251	 0.00000000
 0.86627345	 0.00001990
 0.90092439	 0.00001284
 0.93557533	 0.00000254
 0.97022627	 0.00000261
 1.00487721	 0.00005978
 1.03952814	 0.00031418
 1.07417908	 0.00130087
 1.10883002	 0.00455809
 1.14348096	 0.01599890
 1.17813190	 0.05506459
 1.21278283	 0.19630121
 1.24743377	 0.66249647
 1.28208471	 1.76169931
 1.31673565	 2.44938483
 1.35138659	 5.87658421
 0.00000000	 6.31699227
 0.01386038	 6.20423003
 0.02772075	 5.84241591
 0.04158113	 5.01618835
 0.05544150	 3.31221857
 0.06930188	 2.41731827
 0.08316225	 2.87079408
 0.09702263	 2.34845634
 0.11088300	 1.72903698
 0.12474338	 1.18396760
 0.13860375	 0.76746456
 0.15246413	 0.47993375
 0.16632450	 0.29431452
 0.18018488	 0.17866888
 0.19404525	 0.10828310
 0.20790563	 0.06563177
 0.22176600	 0.03994127
 0.23562638	 0.02434395
 0.24948675	 0.01489241
 0.26334713	 0.00909707
 0.27720750	 0.00555797
 0.29106788	 0.00337050
 0.30492826	 0.00203159
 0.31878863	 0.00120360
 0.33264901	 0.00070112
 0.34650938	 0.00039440
 0.36036976	 0.00021338
 0.37423013	 0.00010713
 0.38809051	 0.00004866
 0.40195088	 0.00001791
 0.41581126	 0.00000429
 0.42967163	 0.00000012
 0.44353201	 0.00000117
 0.45739238	 0.00000477
 0.47125276	 0.00000916
 0.48511313	 0.00001369
 0.49897351	 0.00001756
 0.51283388	 0.00002093
 0.52669426	 0.00000068
 0.54055463	 0.00000000
 0.55441501	 0.00000000
 0.56827539	 0.00000000
 0.58213576	 0.00000000
 0.59599614	 0.00000000
 0.60985651	 0.00000000
 0.62371689	 0.00000000
 0.63757726	 0.00000000
 0.65143764	 0.00000000
 0.66529801	 0.00000000
 0.67915839	 0.00000000
 0.69301876	 0.00000000
 0.70687914	 0.00000000
 0.72073951	 0.00000000
 0.73459989	 0.00000000
 0.74846026	 0.00000000
 0.76232064	 0.00000000
 0.77618101	 0.00000000
 0.79004139	 0.00000000
 0.80390176	 0.00000000
 0.81776214	 0.00000000
 0.83162251	 0.00000000
 0.84548289	 0.00000000
 0.85934327	 0.00000068
 0.87320364	 0.00002091
 0.88706402	 0.00001754
 0.90092439	 0.00001367
 0.91478477	 0.00000915
 0.92864514	 0.00000476
 0.94250552	 0.00000117
 0.95636589	 0.00000012
 0.97022627	 0.00000430
 0.98408664	 0.00001792
 0.99794702	 0.00004866
 1.01180739	 0.00010709
 1.02566777	 0.00021326
 1.03952814	 0.00039415
 1.05338852	 0.00070063
 1.06724889	 0.00120270
 1.08110927	 0.00202999
 1.09496964	 0.00336777
 1.10883002	 0.00555336
 1.12269040	 0.00908944
 1.13655077	 0.01487981
 1.15041115	 0.02432335
 1.16427152	 0.03990755
 1.17813190	 0.06557684
 1.19199227	 0.10819347
 1.20585265	 0.17852331
 1.21971302	 0.29407923
 1.23357340	 0.47955915
 1.24743377	 0.76688287
 1.26129415	 1.18310420
 1.27515452	 1.72784317
 1.28901490	 2.34697452
 1.30287527	 2.86930646
 1.31673565	 2.41637876
 1.33059602	 3.31121122
 1.34445640	 5.01509566
 1.35831677	 5.84167934
 1.37217715	 6.20389429
 0.00000000	 6.31956730
 0.00924025	 6.27053384
 0.01848050	 6.11733692
 0.02772075	 5.84386673
 0.03696100	 5.38209317
 0.04620125	 4.52033183
 0.05544150	 3.32161136
 0.06468175	 2.55764982
 0.07392200	 2.51200786
 0.08316225	 2.86136410
 0.09240250	 2.54383392
 0.10164275	 2.13282303
 0.11088300	 1.72595342
 0.12012325	 1.35156656
 0.12936350	 1.02968860
 0.13860375	 0.76793765
 0.14784400	 0.56368187
 0.15708425	 0.40931852
 0.16632450	 0.29506868
 0.17556475	 0.21187939
 0.18480500	 0.15180909
 0.19404525	 0.10874885
 0.20328550	 0.07792141
 0.21252575	 0.05591062
 0.22176600	 0.04015724
 0.23100625	 0.02889051
 0.24024650	 0.02079951
 0.24948675	 0.01499117
 0.25872700	 0.01080193
 0.26796725	 0.00778334
 0.27720750	 0.00559824
 0.28644776	 0.00401997
 0.29568801	 0.00287535
 0.30492826	 0.00204857
 0.31416851	 0.00144948
 0.32340876	 0.00101821
 0.33264901	 0.00070722
 0.34188926	 0.00048520
 0.35112951	 0.00032683
 0.36036976	 0.00021556
 0.36961001	 0.00013781
 0.37885026	 0.00008478
 0.38809051	 0.00004917
 0.39733076	 0.00002627
 0.40657101	 0.00001218
 0.41581126	 0.00000436
 0.42505151	 0.00000078
 0.43429176	 0.00000006
 0.44353201	 0.00000118
 0.45277226	 0.00000338
 0.46201251	 0.00000621
 0.47125276	 0.00000924
 0.48049301	 0.00001229
 0.48973326	 0.00001515
 0.49897351	 0.00001778
 0.50821376	 0.00002009
 0.51745401	 0.00002218
 0.52669426	 0.00000067
 0.53593451	 0.00000019
 0.54517476	 0.00000000
 0.55441501	 0.00000000
 0.56365526	 0.00000000
 0.57289551	 0.00000000
 0.58213576	 0.00000000
 0.59137601	 0.00000000
 0.60061626	 0.00000000
 0.60985651	 0.00000000
 0.61909676	 0.00000000
 0.62833701	 0.00000000
 0.63757726	 0.00000000
 0.64681751	 0.00000000
 0.65605776	 0.00000000
 0.66529801	 0.00000000
 0.67453826	 0.00000000
 0.68377851	 0.00000000
 0.69301876	 0.00000000
 0.70225901	 0.00000000
 0.71149926	 0.00000000
 0.72073951	 0.00000000
 0.72997976	 0.00000000
 0.73922001	 0.00000000
 0.74846026	 0.00000000
 0.75770051	 0.00000000
 0.76694076	 0.00000000
 0.77618101	 0.00000000
 0.78542126	 0.00000000
 0.79466151	 0.00000000
 0.80390176	 0.00000000
 0.81314201	 0.00000000
 0.82238226	 0.00000000
 0.83162251	 0.00000000
 0.84086277	 0.00000000
 0.85010302	 0.00000019
 0.85934327	 0.00000067
 0.86858352	 0.00002217
 0.87782377	 0.00002008
 0.88706402	 0.00001777
 0.89630427	 0.00001514
 0.90554452	 0.00001228
 0.91478477	 0.00000923
 0.92402502	 0.00000620
 0.93326527	 0.00000338
 0.94250552	 0.00000117
 0.95174577	 0.00000006
 0.96098602	 0.00000078
 0.97022627	 0.00000437
 0.97946652	 0.00001218
 0.98870677	 0.00002627
 0.99794702	 0.00004917
 1.00718727	 0.00008477
 1.01642752	 0.00013778
 1.02566777	 0.00021550
 1.03490802	 0.00032672
 1.04414827	 0.00048503
 1.05338852	 0.00070696
 1.06262877	 0.00101781
 1.07186902	 0.00144890
 1.08110927	 0.00204772
 1.09034952	 0.00287413
 1.09958977	 0.00401824
 1.10883002	 0.00559579
 1.11807027	 0.00777991
 1.12731052	 0.01079713
 1.13655077	 0.01498448
 1.14579102	 0.02079022
 1.15503127	 0.02887761
 1.16427152	 0.04013937
 1.17351177	 0.05588584
 1.18275202	 0.07788711
 1.19199227	 0.10870136
 1.20123252	 0.15174344
 1.21047277	 0.21178880
 1.21971302	 0.29494419
 1.22895327	 0.40914842
 1.23819352	 0.56345169
 1.24743377	 0.76763039
 1.25667402	 1.02928652
 1.26591427	 1.35105439
 1.27515452	 1.72532433
 1.28439477	 2.13208645
 1.29363502	 2.54302562
 1.30287527	 2.86058357
 1.31211552	 2.51145781
 1.32135577	 2.55716421
 1.33059602	 3.32108072
 1.33983627	 4.51974304
 1.34907652	 5.38156774
 1.35831677	 5.84348121
 1.36755702	 6.11709564
 1.37679727	 6.27041993
 0.00000000	 6.31240805
 0.00693019	 6.28471847
 0.01386038	 6.20044059
 0.02079056	 6.05492357
 0.02772075	 5.83760406
 0.03465094	 5.51838828
 0.04158113	 5.01501245
 0.04851131	 4.22162343
 0.05544150	 3.32084080
 0.06237169	 2.68682768
 0.06930188	 2.43131539
 0.07623206	 2.63976948
 0.08316225	 2.86389853
 0.09009244	 2.64398517
 0.09702263	 2.34204454
 0.10395281	 2.03218220
 0.11088300	 1.72857753
 0.11781319	 1.44341174
 0.12474338	 1.18583357
 0.13167356	 0.96092120
 0.13860375	 0.77000172
 0.14553394	 0.61156039
 0.15246413	 0.48245004
 0.15939432	 0.37868874
 0.16632450	 0.29620769
 0.17325469	 0.23114810
 0.18018488	 0.18013768
 0.18711507	 0.14029017
 0.19404525	 0.10925110
 0.20097544	 0.08510108
 0.20790563	 0.06632860
 0.21483582	 0.05173085
 0.22176600	 0.04037800
 0.22869619	 0.03153819
 0.23562638	 0.02465092
 0.24255657	 0.01927650
 0.24948675	 0.01507961
 0.25641694	 0.01179690
 0.26334713	 0.00922781
 0.27027732	 0.00721421
 0.27720750	 0.00563568
 0.28413769	 0.00439675
 0.29106788	 0.00342466
 0.29799807	 0.00266138
 0.30492826	 0.00206266
 0.31185844	 0.00159295
 0.31878863	 0.00122515
 0.32571882	 0.00093734
 0.33264901	 0.00071280
 0.33957919	 0.00053793
 0.34650938	 0.00040238
 0.35343957	 0.00029764
 0.36036976	 0.00021728
 0.36729994	 0.00015598
 0.37423013	 0.00010969
 0.38116032	 0.00007510
 0.38809051	 0.00004968
 0.39502069	 0.00003134
 0.40195088	 0.00001850
 0.40888107	 0.00000985
 0.41581126	 0.00000442
 0.42274145	 0.00000139
 0.42967163	 0.00000014
 0.43660182	 0.00000020
 0.44353201	 0.00000117
 0.45046220	 0.00000277
 0.45739238	 0.00000476
 0.46432257	 0.00000698
 0.47125276	 0.00000929
 0.47818295	 0.00001160
 0.48511313	 0.00001383
 0.49204332	 0.00001595
 0.49897351	 0.00001790
 0.50590370	 0.00001970
 0.51283388	 0.00002135
 0.51976407	 0.00002293
 0.52669426	 0.00000066
 0.53362445	 0.00000047
 0.54055463	 0.00000000
 0.54748482	 0.00000000
 0.55441501	 0.00000000
 0.56134520	 0.00000000
 0.56827539	 0.00000000
 0.57520557	 0.00000000
 0.58213576	 0.00000000
 0.58906595	 0.00000000
 0.59599614	 0.00000000
 0.60292632	 0.00000000
 0.60985651	 0.00000000
 0.61678670	 0.00000000
 0.62371689	 0.00000000
 0.63064707	 0.00000000
 0.63757726	 0.00000000
 0.64450745	 0.00000000
 0.65143764	 0.00000000
 0.65836782	 0.00000000
 0.66529801	 0.00000000
 0.67222820	 0.00000000
 0.67915839	 0.00000000
 0.68608857	 0.00000000
 0.69301876	 0.00000000
 0.69994895	 0.00000000
 0.70687914	 0.00000000
 0.71380933	 0.00000000
 0.72073951	 0.00000000
 0.72766970	 0.00000000
 0.73459989	 0.00000000
 0.74153008	 0.00000000
 0.74846026	 0.00000000
 0.75539045	 0.00000000
 0.76232064	 0.00000000
 0.76925083	 0.00000000
 0.77618101	 0.00000000
 0.78311120	 0.00000000
 0.79004139	 0.00000000
 0.79697158	 0.00000000
 0.80390176	 0.00000000
 0.81083195	 0.00000000
 0.81776214	 0.00000000
 0.82469233	 0.00000000
 0.83162251	 0.00000000
 0.83855270	 0.00000000
 0.84548289	 0.00000000
 0.85241308	 0.00000047
 0.85934327	 0.00000066
 0.86627345	 0.00002291
 0.87320364	 0.00002134
 0.88013383	 0.00001969
 0.88706402	 0.00001789
 0.89399420	 0.00001593
 0.90092439	 0.00001382
 0.90785458	 0.00001159
 0.91478477	 0.00000928
 0.92171495	 0.00000697
 0.92864514	 0.00000475
 0.93557533	 0.00000276
 0.94250552	 0.00000117
 0.94943570	 0.00000020
 0.95636589	 0.00000014
 0.96329608	 0.00000139
 0.97022627	 0.00000442
 0.97715645	 0.00000986
 0.98408664	 0.00001850
 0.99101683	 0.00003134
 0.99794702	 0.00004968
 1.00487721	 0.00007509
 1.01180739	 0.00010967
 1.01873758	 0.00015593
 1.02566777	 0.00021720
 1.03259796	 0.00029753
 1.03952814	 0.00040221
 1.04645833	 0.00053769
 1.05338852	 0.00071246
 1.06031871	 0.00093688
 1.06724889	 0.00122454
 1.07417908	 0.00159213
 1.08110927	 0.00206158
 1.08803946	 0.00265996
 1.09496964	 0.00342280
 1.10189983	 0.00439433
 1.10883002	 0.00563255
 1.11576021	 0.00721017
 1.12269040	 0.00922261
 1.12962058	 0.01179022
 1.13655077	 0.01507105
 1.14348096	 0.01926555
 1.15041115	 0.02463692
 1.15734133	 0.03152030
 1.16427152	 0.04035515
 1.17120171	 0.05170167
 1.17813190	 0.06629134
 1.18506208	 0.08505353
 1.19199227	 0.10919044
 1.19892246	 0.14021283
 1.20585265	 0.18003918
 1.21278283	 0.23102285
 1.21971302	 0.29604880
 1.22664321	 0.37848786
 1.23357340	 0.48219728
 1.24050358	 0.61124439
 1.24743377	 0.76961000
 1.25436396	 0.96044098
 1.26129415	 1.18525307
 1.26822434	 1.44272230
 1.27515452	 1.72777641
 1.28208471	 2.03127593
 1.28901490	 2.34105286
 1.29594509	 2.64294746
 1.30287527	 2.86290523
 1.30980546	 2.63899912
 1.31673565	 2.43068434
 1.32366584	 2.68620453
 1.33059602	 3.32016603
 1.33752621	 4.22088318
 1.34445640	 5.01428403
 1.35138659	 5.51776113
 1.35831677	 5.83711436
 1.36524696	 6.05457301
 1.37217715	 6.20021790
 1.37910734	 6.28461101
 0.00000000	 6.30906688
 0.00554415	 6.29141387
 0.01108830	 6.23786772
 0.01663245	 6.14675232
 0.02217660	 6.01466644
 0.02772075	 5.83464643
 0.03326490	 5.59051560
 0.03880905	 5.24444779
 0.04435320	 4.73102297
 0.04989735	 4.03469566
 0.05544150	 3.31971069
 0.06098565	 2.78340658
 0.06652980	 2.48517830
 0.07207395	 2.45312203
 0.07761810	 2.72349695
 0.08316225	 2.86492007
 0.08870640	 2.70137991
 0.09425055	 2.46611504
 0.09979470	 2.21954193
 0.10533885	 1.97198600
 0.11088300	 1.73009867
 0.11642715	 1.49999505
 0.12197130	 1.28661874
 0.12751545	 1.09321304
 0.13305960	 0.92135646
 0.13860375	 0.77120863
 0.14414790	 0.64188107
 0.14969205	 0.53179529
 0.15523620	 0.43899275
 0.16078035	 0.36137279
 0.16632450	 0.29685763
 0.17186865	 0.24349895
 0.17741280	 0.19953438
 0.18295695	 0.16341316
 0.18850110	 0.13379653
 0.19404525	 0.10954729
 0.19958940	 0.08970965
 0.20513355	 0.07348820
 0.21067770	 0.06022479
 0.21622185	 0.04937819
 0.22176600	 0.04050449
 0.22731015	 0.03324105
 0.23285430	 0.02729175
 0.23839845	 0.02241545
 0.24394260	 0.01841559
 0.24948675	 0.01513225
 0.25503090	 0.01243504
 0.26057505	 0.01021785
 0.26611920	 0.00839407
 0.27166335	 0.00689308
 0.27720750	 0.00565717
 0.28275166	 0.00463919
 0.28829581	 0.00380049
 0.29383996	 0.00310947
 0.29938411	 0.00254013
 0.30492826	 0.00207119
 0.31047241	 0.00168509
 0.31601656	 0.00136741
 0.32156071	 0.00110626
 0.32710486	 0.00089182
 0.33264901	 0.00071600
 0.33819316	 0.00057211
 0.34373731	 0.00045460
 0.34928146	 0.00035889
 0.35482561	 0.00028119
 0.36036976	 0.00021836
 0.36591391	 0.00016779
 0.37145806	 0.00012731
 0.37700221	 0.00009513
 0.38254636	 0.00006976
 0.38809051	 0.00004997
 0.39363466	 0.00003474
 0.39917881	 0.00002322
 0.40472296	 0.00001470
 0.41026711	 0.00000861
 0.41581126	 0.00000446
 0.42135541	 0.00000185
 0.42689956	 0.00000047
 0.43244371	 0.00000003
 0.43798786	 0.00000032
 0.44353201	 0.00000117
 0.44907616	 0.00000241
 0.45462031	 0.00000393
 0.46016446	 0.00000564
 0.46570861	 0.00000745
 0.47125276	 0.00000932
 0.47679691	 0.00001118
 0.48234106	 0.00001299
 0.48788521	 0.00001475
 0.49342936	 0.00001641
 0.49897351	 0.00001797
 0.50451766	 0.00001944
 0.51006181	 0.00002080
 0.51560596	 0.00002210
 0.52115011	 0.00002339
 0.52669426	 0.00000066
 0.53223841	 0.00000020
 0.53778256	 0.00000012
 0.54332671	 0.00000000
 0.54887086	 0.00000000
 0.55441501	 0.00000000
 0.55995916	 0.00000000
 0.56550331	 0.00000000
 0.57104746	 0.00000000
 0.57659161	 0.00000000
 0.58213576	 0.00000000
 0.58767991	 0.00000000
 0.59322406	 0.00000000
 0.59876821	 0.00000000
 0.60431236	 0.00000000
 0.60985651	 0.00000000
 0.61540066	 0.00000000
 0.62094481	 0.00000000
 0.62648896	 0.00000000
 0.63203311	 0.00000000
 0.63757726	 0.00000000
 0.64312141	 0.00000000
 0.64866556	 0.00000000
 0.65420971	 0.00000000
 0.65975386	 0.00000000
 0.66529801	 0.00000000
 0.67084216	 0.00000000
 0.67638631	 0.00000000
 0.68193046	 0.00000000
 0.68747461	 0.00000000
 0.69301876	 0.00000000
 0.69856291	 0.00000000
 0.70410706	 0.00000000
 0.70965121	 0.00000000
 0.71519536	 0.00000000
 0.72073951	 0.00000000
 0.72628366	 0.00000000
 0.73182781	 0.00000000
 0.73737196	 0.00000000
 0.74291611	 0.00000000
 0.74846026	 0.00000000
 0.75400441	 0.00000000
 0.75954856	 0.00000000
 0.76509271	 0.00000000
 0.77063686	 0.00000000
 0.77618101	 0.00000000
 0.78172516	 0.00000000
 0.78726931	 0.00000000
 0.79281346	 0.00000000
 0.79835761	 0.00000000
 0.80390176	 0.00000000
 0.80944591	 0.00000000
 0.81499006	 0.00000000
 0.82053421	 0.00000000
 0.82607836	 0.00000000
 0.83162251	 0.00000000
 0.83716666	 0.00000000
 0.84271082	 0.00000000
 0.84825497	 0.00000012
 0.85379912	 0.00000020
 0.85934327	 0.00000066
 0.86488742	 0.00002339
 0.87043157	 0.00002209
 0.87597572	 0.00002079
 0.88151987	 0.00001943
 0.88706402	 0.00001797
 0.89260817	 0.00001640
 0.89815232	 0.00001474
 0.90369647	 0.00001299
 0.90924062	 0.00001117
 0.91478477	 0.00000931
 0.92032892	 0.00000745
 0.92587307	 0.00000563
 0.93141722	 0.00000393
 0.93696137	 0.00000241
 0.94250552	 0.00000116
 0.94804967	 0.00000032
 0.95359382	 0.00000003
 0.95913797	 0.00000047
 0.96468212	 0.00000186
 0.97022627	 0.00000446
 0.97577042	 0.00000861
 0.98131457	 0.00001471
 0.98685872	 0.00002322
 0.99240287	 0.00003474
 0.99794702	 0.00004997
 1.00349117	 0.00006975
 1.00903532	 0.00009511
 1.01457947	 0.00012729
 1.02012362	 0.00016775
 1.02566777	 0.00021832
 1.03121192	 0.00028113
 1.03675607	 0.00035880
 1.04230022	 0.00045448
 1.04784437	 0.00057195
 1.05338852	 0.00071580
 1.05893267	 0.00089156
 1.06447682	 0.00110592
 1.07002097	 0.00136699
 1.07556512	 0.00168456
 1.08110927	 0.00207053
 1.08665342	 0.00253931
 1.09219757	 0.00310845
 1.09774172	 0.00379923
 1.10328587	 0.00463764
 1.10883002	 0.00565526
 1.11437417	 0.00689074
 1.11991832	 0.00839120
 1.12546247	 0.01021435
 1.13100662	 0.01243077
 1.13655077	 0.01512704
 1.14209492	 0.01840925
 1.14763907	 0.02240772
 1.15318322	 0.02728234
 1.15872737	 0.03322960
 1.16427152	 0.04049057
 1.16981567	 0.04936126
 1.17535982	 0.06020421
 1.18090397	 0.07346319
 1.18644812	 0.08967925
 1.19199227	 0.10951035
 1.19753642	 0.13375167
 1.20308057	 0.16335871
 1.20862472	 0.19946835
 1.21416887	 0.24341897
 1.21971302	 0.29676091
 1.22525717	 0.36125610
 1.23080132	 0.43885234
 1.23634547	 0.53162697
 1.24188962	 0.64168022
 1.24743377	 0.77097034
 1.25297792	 0.92107574
 1.25852207	 1.09288517
 1.26406622	 1.28623972
 1.26961037	 1.49956227
 1.27515452	 1.72961164
 1.28069867	 1.97144723
 1.28624282	 2.21895788
 1.29178697	 2.46549735
 1.29733112	 2.70074849
 1.30287527	 2.86431640
 1.30841942	 2.72299786
 1.31396357	 2.45271918
 1.31950772	 2.48480231
 1.32505187	 2.78302420
 1.33059602	 3.31930081
 1.33614017	 4.03425188
 1.34168432	 4.73056981
 1.34722847	 5.24402525
 1.35277262	 5.59015055
 1.35831677	 5.83434899
 1.36386092	 6.01443701
 1.36940507	 6.14658696
 1.37494922	 6.23776126
 1.38049337	 6.29136188
 0.00000000	 6.30724019
 0.00462013	 6.29500470
 0.00924025	 6.25798467
 0.01386038	 6.19540632
 0.01848050	 6.10579886
 0.02310063	 5.98661949
 0.02772075	 5.83307431
 0.03234088	 5.63541484
 0.03696100	 5.37348896
 0.04158113	 5.01159414
 0.04620125	 4.51415715
 0.05082138	 3.90945851
 0.05544150	 3.31917941
 0.06006163	 2.85616087
 0.06468175	 2.55747167
 0.06930188	 2.43089012
 0.07392200	 2.51608224
 0.07854213	 2.77441304
 0.08316225	 2.86551843
 0.08778238	 2.73790742
 0.09240250	 2.54756977
 0.09702263	 2.34431094
 0.10164275	 2.13779626
 0.10626288	 1.93216433
 0.11088300	 1.73117816
 0.11550313	 1.53838369
 0.12012325	 1.35671406
 0.12474338	 1.18831230
 0.12936350	 1.03447647
 0.13398363	 0.89575399
 0.13860375	 0.77205770
 0.14322388	 0.66283019
 0.14784400	 0.56717683
 0.15246413	 0.48400340
 0.15708425	 0.41210962
 0.16170438	 0.35027560
 0.16632450	 0.29731029
 0.17094463	 0.25209454
 0.17556475	 0.21359723
 0.18018488	 0.18089052
 0.18480500	 0.15314809
 0.18942513	 0.12964585
 0.19404525	 0.10975238
 0.19866538	 0.09292369
 0.20328550	 0.07869173
 0.20790563	 0.06665760
 0.21252575	 0.05648102
 0.21714588	 0.04787392
 0.22176600	 0.04059183
 0.22638613	 0.03442867
 0.23100625	 0.02921001
 0.23562638	 0.02478914
 0.24024650	 0.02104205
 0.24486663	 0.01786453
 0.24948675	 0.01516850
 0.25410688	 0.01287993
 0.25872700	 0.01093623
 0.26334713	 0.00928476
 0.26796725	 0.00788094
 0.27258738	 0.00668728
 0.27720750	 0.00567195
 0.28182763	 0.00480815
 0.28644776	 0.00407311
 0.29106788	 0.00344762
 0.29568801	 0.00291531
 0.30030813	 0.00246238
 0.30492826	 0.00207704
 0.30954838	 0.00174933
 0.31416851	 0.00147074
 0.31878863	 0.00123404
 0.32340876	 0.00103309
 0.32802888	 0.00086263
 0.33264901	 0.00071820
 0.33726913	 0.00059597
 0.34188926	 0.00049268
 0.34650938	 0.00040557
 0.35112951	 0.00033224
 0.35574963	 0.00027066
 0.36036976	 0.00021910
 0.36498988	 0.00017607
 0.36961001	 0.00014029
 0.37423013	 0.00011068
 0.37885026	 0.00008630
 0.38347038	 0.00006636
 0.38809051	 0.00005017
 0.39271063	 0.00003715
 0.39733076	 0.00002681
 0.40195088	 0.00001871
 0.40657101	 0.00001249
 0.41119113	 0.00000783
 0.41581126	 0.00000448
 0.42043138	 0.00000221
 0.42505151	 0.00000082
 0.42967163	 0.00000015
 0.43429176	 0.00000006
 0.43891188	 0.00000043
 0.44353201	 0.00000116
 0.44815213	 0.00000218
 0.45277226	 0.00000340
 0.45739238	 0.00000477
 0.46201251	 0.00000624
 0.46663263	 0.00000777
 0.47125276	 0.00000933
 0.47587288	 0.00001089
 0.48049301	 0.00001242
 0.48511313	 0.00001391
 0.48973326	 0.00001535
 0.49435338	 0.00001672
 0.49897351	 0.00001802
 0.50359363	 0.00001925
 0.50821376	 0.00002042
 0.51283388	 0.00002152
 0.51745401	 0.00002260
 0.52207413	 0.00002372
 0.52669426	 0.00000065
 0.53131438	 0.00000022
 0.53593451	 0.00000019
 0.54055463	 0.00000000
 0.54517476	 0.00000000
 0.54979488	 0.00000000
 0.55441501	 0.00000000
 0.55903513	 0.00000000
 0.56365526	 0.00000000
 0.56827539	 0.00000000
 0.57289551	 0.00000000
 0.57751564	 0.00000000
 0.58213576	 0.00000000
 0.58675589	 0.00000000
 0.59137601	 0.00000000
 0.59599614	 0.00000000
 0.60061626	 0.00000000
 0.60523639	 0.00000000
 0.60985651	 0.00000000
 0.61447664	 0.00000000
 0.61909676	 0.00000000
 0.62371689	 0.00000000
 0.62833701	 0.00000000
 0.63295714	 0.00000000
 0.63757726	 0.00000000
 0.64219739	 0.00000000
 0.64681751	 0.00000000
 0.65143764	 0.00000000
 0.65605776	 0.00000000
 0.66067789	 0.00000000
 0.66529801	 0.00000000
 0.66991814	 0.00000000
 0.67453826	 0.00000000
 0.67915839	 0.00000000
 0.68377851	 0.00000000
 0.68839864	 0.00000000
 0.69301876	 0.00000000
 0.69763889	 0.00000000
 0.70225901	 0.00000000
 0.70687914	 0.00000000
 0.71149926	 0.00000000
 0.71611939	 0.00000000
 0.72073951	 0.00000000
 0.72535964	 0.00000000
 0.72997976	 0.00000000
 0.73459989	 0.00000000
 0.73922001	 0.00000000
 0.74384014	 0.00000000
 0.74846026	 0.00000000
 0.75308039	 0.00000000
 0.75770051	 0.00000000
 0.76232064	 0.00000000
 0.76694076	 0.00000000
 0.77156089	 0.00000000
 0.77618101	 0.00000000
 0.78080114	 0.00000000
 0.78542126	 0.00000000
 0.79004139	 0.00000000
 0.79466151	 0.00000000
 0.79928164	 0.00000000
 0.80390176	 0.00000000
 0.80852189	 0.00000000
 0.81314201	 0.00000000
 0.81776214	 0.00000000
 0.82238226	 0.00000000
 0.82700239	 0.00000000
 0.83162251	 0.00000000
 0.83624264	 0.00000000
 0.84086277	 0.00000000
 0.84548289	 0.00000000
 0.85010302	 0.00000019
 0.85472314	 0.00000022
 0.85934327	 0.00000065
 0.86396339	 0.00002372
 0.86858352	 0.00002260
 0.87320364	 0.00002151
 0.87782377	 0.00002041
 0.88244389	 0.00001924
 0.88706402	 0.00001801
 0.89168414	 0.00001671
 0.89630427	 0.00001534
 0.90092439	 0.00001390
 0.90554452	 0.00001241
 0.91016464	 0.00001088
 0.91478477	 0.00000933
 0.91940489	 0.00000777
 0.92402502	 0.00000624
 0.92864514	 0.00000477
 0.93326527	 0.00000340
 0.93788539	 0.00000217
 0.94250552	 0.00000116
 0.94712564	 0.00000043
 0.95174577	 0.00000006
 0.95636589	 0.00000015
 0.96098602	 0.00000082
 0.96560614	 0.00000221
 0.97022627	 0.00000449
 0.97484639	 0.00000784
 0.97946652	 0.00001249
 0.98408664	 0.00001871
 0.98870677	 0.00002681
 0.99332689	 0.00003715
 0.99794702	 0.00005017
 1.00256714	 0.00006635
 1.00718727	 0.00008629
 1.01180739	 0.00011066
 1.01642752	 0.00014026
 1.02104764	 0.00017603
 1.02566777	 0.00021905
 1.03028789	 0.00027059
 1.03490802	 0.00033214
 1.03952814	 0.00040545
 1.04414827	 0.00049253
 1.04876839	 0.00059577
 1.05338852	 0.00071795
 1.05800864	 0.00086233
 1.06262877	 0.00103272
 1.06724889	 0.00123360
 1.07186902	 0.00147019
 1.07648914	 0.00174867
 1.08110927	 0.00207625
 1.08572939	 0.00246143
 1.09034952	 0.00291417
 1.09496964	 0.00344626
 1.09958977	 0.00407149
 1.10420989	 0.00480623
 1.10883002	 0.00566967
 1.11345014	 0.00668457
 1.11807027	 0.00787774
 1.12269040	 0.00928096
 1.12731052	 0.01093174
 1.13193065	 0.01287464
 1.13655077	 0.01516225
 1.14117090	 0.01785717
 1.14579102	 0.02103338
 1.15041115	 0.02477892
 1.15503127	 0.02919798
 1.15965140	 0.03441450
 1.16427152	 0.04057516
 1.16889165	 0.04785429
 1.17351177	 0.05645792
 1.17813190	 0.06663043
 1.18275202	 0.07865976
 1.18737215	 0.09288608
 1.19199227	 0.10970815
 1.19661240	 0.12959384
 1.20123252	 0.15308698
 1.20585265	 0.18081873
 1.21047277	 0.21351296
 1.21509290	 0.25199571
 1.21971302	 0.29719453
 1.22433315	 0.35014021
 1.22895327	 0.41195157
 1.23357340	 0.48381934
 1.23819352	 0.56696308
 1.24281365	 0.66258282
 1.24743377	 0.77177260
 1.25205390	 0.89542701
 1.25667402	 1.03410362
 1.26129415	 1.18789001
 1.26591427	 1.35623952
 1.27053440	 1.53785521
 1.27515452	 1.73059570
 1.27977465	 1.93152995
 1.28439477	 2.13711471
 1.28901490	 2.34359025
 1.29363502	 2.54682237
 1.29825515	 2.73715338
 1.30287527	 2.86479665
 1.30749540	 2.77379083
 1.31211552	 2.51557302
 1.31673565	 2.43043177
 1.32135577	 2.55702288
 1.32597590	 2.85569984
 1.33059602	 3.31868945
 1.33521615	 3.90893383
 1.33983627	 4.51361393
 1.34445640	 5.01106532
 1.34907652	 5.37300437
 1.35369665	 5.63499153
 1.35831677	 5.83271876
 1.36293690	 5.98633193
 1.36755702	 6.10557632
 1.37217715	 6.19524459
 1.37679727	 6.25787959
 1.38141740	 6.29495304
 0.00000000	 6.30597178
 0.00396011	 6.29695745
 0.00792021	 6.26980469
 0.01188032	 6.22408899
 0.01584043	 6.15907372
 0.01980054	 6.07355305
 0.02376064	 5.96557580
 0.02772075	 5.83171242
 0.03168086	 5.66561495
 0.03564096	 5.45536150
 0.03960107	 5.18048649
 0.04356118	 4.81458753
 0.04752129	 4.34727038
 0.05148139	 3.82000554
 0.05544150	 3.31844678
 0.05940161	 2.91184688
 0.06336172	 2.62529840
 0.06732182	 2.46218649
 0.07128193	 2.43777994
 0.07524204	 2.58231839
 0.07920214	 2.80527100
 0.08316225	 2.86534334
 0.08712236	 2.76216788
 0.09108247	 2.60408577
 0.09504257	 2.43217211
 0.09900268	 2.25607291
 0.10296279	 2.07899603
 0.10692289	 1.90334704
 0.11088300	 1.73149777
 0.11484311	 1.56566148
 0.11880322	 1.40772885
 0.12276332	 1.25915905
 0.12672343	 1.12095950
 0.13068354	 0.99369976
 0.13464365	 0.87757055
 0.13860375	 0.77244349
 0.14256386	 0.67794747
 0.14652397	 0.59353014
 0.15048407	 0.51852247
 0.15444418	 0.45218436
 0.15840429	 0.39374882
 0.16236440	 0.34244918
 0.16632450	 0.29754452
 0.17028461	 0.25833216
 0.17424472	 0.22415967
 0.17820482	 0.19442777
 0.18216493	 0.16859398
 0.18612504	 0.14617028
 0.19008515	 0.12672235
 0.19404525	 0.10986493
 0.19800536	 0.09525907
 0.20196547	 0.08260699
 0.20592558	 0.07164876
 0.20988568	 0.06215749
 0.21384579	 0.05393616
 0.21780590	 0.04681354
 0.22176600	 0.04064146
 0.22572611	 0.03529148
 0.22968622	 0.03065267
 0.23364633	 0.02662903
 0.23760643	 0.02313776
 0.24156654	 0.02010723
 0.24552665	 0.01747565
 0.24948675	 0.01518963
 0.25344686	 0.01320306
 0.25740697	 0.01147610
 0.26136708	 0.00997434
 0.26532718	 0.00866797
 0.26928729	 0.00753129
 0.27324740	 0.00654198
 0.27720750	 0.00568077
 0.28116761	 0.00493094
 0.28512772	 0.00427800
 0.28908783	 0.00370939
 0.29304793	 0.00321422
 0.29700804	 0.00278300
 0.30096815	 0.00240752
 0.30492826	 0.00208062
 0.30888836	 0.00179609
 0.31284847	 0.00154851
 0.31680858	 0.00133317
 0.32076868	 0.00114596
 0.32472879	 0.00098331
 0.32868890	 0.00084209
 0.33264901	 0.00071958
 0.33660911	 0.00061340
 0.34056922	 0.00052147
 0.34452933	 0.00044198
 0.34848943	 0.00037335
 0.35244954	 0.00031419
 0.35640965	 0.00026329
 0.36036976	 0.00021959
 0.36432986	 0.00018216
 0.36828997	 0.00015019
 0.37225008	 0.00012297
 0.37621019	 0.00009988
 0.38017029	 0.00008039
 0.38413040	 0.00006400
 0.38809051	 0.00005031
 0.39205061	 0.00003895
 0.39601072	 0.00002961
 0.39997083	 0.00002200
 0.40393094	 0.00001589
 0.40789104	 0.00001105
 0.41185115	 0.00000731
 0.41581126	 0.00000451
 0.41977136	 0.00000249
 0.42373147	 0.00000115
 0.42769158	 0.00000036
 0.43165169	 0.00000005
 0.43561179	 0.00000012
 0.43957190	 0.00000051
 0.44353201	 0.00000116
 0.44749212	 0.00000202
 0.45145222	 0.00000303
 0.45541233	 0.00000417
 0.45937244	 0.00000539
 0.46333254	 0.00000668
 0.46729265	 0.00000800
 0.47125276	 0.00000934
 0.47521287	 0.00001068
 0.47917297	 0.00001200
 0.48313308	 0.00001329
 0.48709319	 0.00001455
 0.49105329	 0.00001577
 0.49501340	 0.00001694
 0.49897351	 0.00001805
 0.50293362	 0.00001911
 0.50689372	 0.00002013
 0.51085383	 0.00002109
 0.51481394	 0.00002203
 0.51877404	 0.00002297
 0.52273415	 0.00002396
 0.52669426	 0.00000065
 0.53065437	 0.00000024
 0.53461447	 0.00000028
 0.53857458	 0.00000002
 0.54253469	 0.00000000
 0.54649480	 0.00000000
 0.55045490	 0.00000000
 0.55441501	 0.00000000
 0.55837512	 0.00000000
 0.56233522	 0.00000000
 0.56629533	 0.00000000
 0.57025544	 0.00000000
 0.57421555	 0.00000000
 0.57817565	 0.00000000
 0.58213576	 0.00000000
 0.58609587	 0.00000000
 0.59005597	 0.00000000
 0.59401608	 0.00000000
 0.59797619	 0.00000000
 0.60193630	 0.00000000
 0.60589640	 0.00000000
 0.60985651	 0.00000000
 0.61381662	 0.00000000
 0.61777673	 0.00000000
 0.62173683	 0.00000000
 0.62569694	 0.00000000
 0.62965705	 0.00000000
 0.63361715	 0.00000000
 0.63757726	 0.00000000
 0.64153737	 0.00000000
 0.64549748	 0.00000000
 0.64945758	 0.00000000
 0.65341769	 0.00000000
 0.65737780	 0.00000000
 0.66133790	 0.00000000
 0.66529801	 0.00000000
 0.66925812	 0.00000000
 0.67321823	 0.00000000
 0.67717833	 0.00000000
 0.68113844	 0.00000000
 0.68509855	 0.00000000
 0.68905866	 0.00000000
 0.69301876	 0.00000000
 0.69697887	 0.00000000
 0.70093898	 0.00000000
 0.70489908	 0.00000000
 0.70885919	 0.00000000
 0.71281930	 0.00000000
 0.71677941	 0.00000000
 0.72073951	 0.00000000
 0.72469962	 0.00000000
 0.72865973	 0.00000000
 0.73261983	 0.00000000
 0.73657994	 0.00000000
 0.74054005	 0.00000000
 0.74450016	 0.00000000
 0.74846026	 0.00000000
 0.75242037	 0.00000000
 0.75638048	 0.00000000
 0.76034059	 0.00000000
 0.76430069	 0.00000000
 0.76826080	 0.00000000
 0.77222091	 0.00000000
 0.77618101	 0.00000000
 0.78014112	 0.00000000
 0.78410123	 0.00000000
 0.78806134	 0.00000000
 0.79202144	 0.00000000
 0.79598155	 0.00000000
 0.79994166	 0.00000000
 0.80390176	 0.00000000
 0.80786187	 0.00000000
 0.81182198	 0.00000000
 0.81578209	 0.00000000
 0.81974219	 0.00000000
 0.82370230	 0.00000000
 0.82766241	 0.00000000
 0.83162251	 0.00000000
 0.83558262	 0.00000000
 0.83954273	 0.00000000
 0.84350284	 0.00000000
 0.84746294	 0.00000002
 0.85142305	 0.00000028
 0.85538316	 0.00000024
 0.85934327	 0.00000065
 0.86330337	 0.00002397
 0.86726348	 0.00002297
 0.87122359	 0.00002203
 0.87518369	 0.00002110
 0.87914380	 0.00002013
 0.88310391	 0.00001912
 0.88706402	 0.00001805
 0.89102412	 0.00001694
 0.89498423	 0.00001577
 0.89894434	 0.00001456
 0.90290444	 0.00001330
 0.90686455	 0.00001200
 0.91082466	 0.00001068
 0.91478477	 0.00000934
 0.91874487	 0.00000800
 0.92270498	 0.00000668
 0.92666509	 0.00000539
 0.93062520	 0.00000417
 0.93458530	 0.00000303
 0.93854541	 0.00000202
 0.94250552	 0.00000116
 0.94646562	 0.00000051
 0.95042573	 0.00000012
 0.95438584	 0.00000005
 0.95834595	 0.00000036
 0.96230605	 0.00000114
 0.96626616	 0.00000249
 0.97022627	 0.00000451
 0.97418637	 0.00000731
 0.97814648	 0.00001105
 0.98210659	 0.00001589
 0.98606670	 0.00002200
 0.99002680	 0.00002961
 0.99398691	 0.00003895
 0.99794702	 0.00005031
 1.00190713	 0.00006400
 1.00586723	 0.00008039
 1.00982734	 0.00009989
 1.01378745	 0.00012298
 1.01774755	 0.00015020
 1.02170766	 0.00018217
 1.02566777	 0.00021961
 1.02962788	 0.00026332
 1.03358798	 0.00031423
 1.03754809	 0.00037340
 1.04150820	 0.00044204
 1.04546830	 0.00052153
 1.04942841	 0.00061348
 1.05338852	 0.00071967
 1.05734863	 0.00084220
 1.06130873	 0.00098345
 1.06526884	 0.00114613
 1.06922895	 0.00133336
 1.07318905	 0.00154873
 1.07714916	 0.00179635
 1.08110927	 0.00208093
 1.08506938	 0.00240788
 1.08902948	 0.00278342
 1.09298959	 0.00321471
 1.09694970	 0.00370997
 1.10090981	 0.00427867
 1.10486991	 0.00493171
 1.10883002	 0.00568167
 1.11279013	 0.00654302
 1.11675023	 0.00753249
 1.12071034	 0.00866936
 1.12467045	 0.00997594
 1.12863056	 0.01147795
 1.13259066	 0.01320519
 1.13655077	 0.01519208
 1.14051088	 0.01747848
 1.14447098	 0.02011048
 1.14843109	 0.02314150
 1.15239120	 0.02663334
 1.15635131	 0.03065762
 1.16031141	 0.03529717
 1.16427152	 0.04064801
 1.16823163	 0.04682107
 1.17219174	 0.05394482
 1.17615184	 0.06216744
 1.18011195	 0.07166020
 1.18407206	 0.08262014
 1.18803216	 0.09527418
 1.19199227	 0.10988229
 1.19595238	 0.12674230
 1.19991249	 0.14619320
 1.20387259	 0.16862029
 1.20783270	 0.19445797
 1.21179281	 0.22419430
 1.21575291	 0.25837184
 1.21971302	 0.29758996
 1.22367313	 0.34250116
 1.22763324	 0.39380819
 1.23159334	 0.45225206
 1.23555345	 0.51859952
 1.23951356	 0.59361764
 1.24347367	 0.67804657
 1.24743377	 0.77255538
 1.25139388	 0.87769642
 1.25535399	 0.99384077
 1.25931409	 1.12111673
 1.26327420	 1.25933342
 1.26723431	 1.40792104
 1.27119442	 1.56587186
 1.27515452	 1.73172628
 1.27911463	 1.90359308
 1.28307474	 2.07925837
 1.28703484	 2.25634952
 1.29099495	 2.43246002
 1.29495506	 2.60438068
 1.29891517	 2.76246305
 1.30287527	 2.86562646
 1.30683538	 2.80552206
 1.31079549	 2.58252865
 1.31475559	 2.43796548
 1.31871570	 2.46236335
 1.32267581	 2.62547503
 1.32663592	 2.91202896
 1.33059602	 3.31863894
 1.33455613	 3.82020953
 1.33851624	 4.34748251
 1.34247635	 4.81479901
 1.34643645	 5.18068759
 1.35039656	 5.45554514
 1.35435667	 5.66577725
 1.35831677	 5.83185186
 1.36227688	 5.96569234
 1.36623699	 6.07364746
 1.37019710	 6.15914716
 1.37415720	 6.22414272
 1.37811731	 6.26983981
 1.38207742	 6.29697479
 0.00000000	 6.30501256
 0.00346509	 6.29814925
 0.00693019	 6.27742632
 0.01039528	 6.24260622
 0.01386038	 6.19326358
 0.01732547	 6.12875229
 0.02079056	 6.04808887
 0.02425566	 5.94974347
 0.02772075	 5.83117949
 0.03118584	 5.68802321
 0.03465094	 5.51265653
 0.03811603	 5.29254044
 0.04158113	 5.01020398
 0.04504622	 4.65032566
 0.04851131	 4.21808022
 0.05197641	 3.75414611
 0.05544150	 3.31857538
 0.05890659	 2.95645698
 0.06237169	 2.68568572
 0.06583678	 2.50882348
 0.06930188	 2.43087143
 0.07276697	 2.47231966
 0.07623206	 2.64069203
 0.07969716	 2.82576192
 0.08316225	 2.86620146
 0.08662735	 2.78053747
 0.09009244	 2.64663819
 0.09355753	 2.49843022
 0.09702263	 2.34547011
 0.10048772	 2.19073136
 0.10395281	 2.03593398
 0.10741791	 1.88267659
 0.11088300	 1.73254195
 0.11434810	 1.58700865
 0.11781319	 1.44736117
 0.12127828	 1.31463729
 0.12474338	 1.18960657
 0.12820847	 1.07277641
 0.13167356	 0.96441218
 0.13513866	 0.86456930
 0.13860375	 0.77312761
 0.14206885	 0.68982849
 0.14553394	 0.61430818
 0.14899903	 0.54612956
 0.15246413	 0.48480805
 0.15592922	 0.42983446
 0.15939432	 0.38069228
 0.16285941	 0.33687188
 0.16632450	 0.29788043
 0.16978960	 0.26324932
 0.17325469	 0.23253871
 0.17671978	 0.20534037
 0.18018488	 0.18127872
 0.18364997	 0.16001092
 0.18711507	 0.14122595
 0.19058016	 0.12464322
 0.19404525	 0.11001072
 0.19751035	 0.09710297
 0.20097544	 0.08571891
 0.20444053	 0.07567974
 0.20790563	 0.06682683
 0.21137072	 0.05901966
 0.21483582	 0.05213407
 0.21830091	 0.04606035
 0.22176600	 0.04070181
 0.22523110	 0.03597319
 0.22869619	 0.03179944
 0.23216129	 0.02811446
 0.23562638	 0.02486012
 0.23909147	 0.02198527
 0.24255657	 0.01944491
 0.24602166	 0.01719947
 0.24948675	 0.01521415
 0.25295185	 0.01345831
 0.25641694	 0.01190501
 0.25988204	 0.01053051
 0.26334713	 0.00931396
 0.26681222	 0.00823695
 0.27027732	 0.00728329
 0.27374241	 0.00643868
 0.27720750	 0.00569056
 0.28067260	 0.00502780
 0.28413769	 0.00444062
 0.28760279	 0.00392035
 0.29106788	 0.00345937
 0.29453297	 0.00305091
 0.29799807	 0.00268902
 0.30146316	 0.00236841
 0.30492826	 0.00208441
 0.30839335	 0.00183288
 0.31185844	 0.00161017
 0.31532354	 0.00141303
 0.31878863	 0.00123859
 0.32225372	 0.00108430
 0.32571882	 0.00094790
 0.32918391	 0.00082737
 0.33264901	 0.00072095
 0.33611410	 0.00062705
 0.33957919	 0.00054427
 0.34304429	 0.00047135
 0.34650938	 0.00040720
 0.34997447	 0.00035082
 0.35343957	 0.00030133
 0.35690466	 0.00025797
 0.36036976	 0.00022003
 0.36383485	 0.00018690
 0.36729994	 0.00015803
 0.37076504	 0.00013293
 0.37423013	 0.00011118
 0.37769523	 0.00009237
 0.38116032	 0.00007618
 0.38462541	 0.00006228
 0.38809051	 0.00005042
 0.39155560	 0.00004034
 0.39502069	 0.00003184
 0.39848579	 0.00002472
 0.40195088	 0.00001882
 0.40541598	 0.00001397
 0.40888107	 0.00001005
 0.41234616	 0.00000693
 0.41581126	 0.00000452
 0.41927635	 0.00000271
 0.42274145	 0.00000143
 0.42620654	 0.00000060
 0.42967163	 0.00000015
 0.43313673	 0.00000003
 0.43660182	 0.00000019
 0.44006691	 0.00000058
 0.44353201	 0.00000116
 0.44699710	 0.00000190
 0.45046220	 0.00000277
 0.45392729	 0.00000373
 0.45739238	 0.00000478
 0.46085748	 0.00000588
 0.46432257	 0.00000702
 0.46778766	 0.00000818
 0.47125276	 0.00000935
 0.47471785	 0.00001053
 0.47818295	 0.00001169
 0.48164804	 0.00001283
 0.48511313	 0.00001395
 0.48857823	 0.00001504
 0.49204332	 0.00001609
 0.49550842	 0.00001711
 0.49897351	 0.00001809
 0.50243860	 0.00001902
 0.50590370	 0.00001992
 0.50936879	 0.00002078
 0.51283388	 0.00002161
 0.51629898	 0.00002243
 0.51976407	 0.00002327
 0.52322917	 0.00002416
 0.52669426	 0.00000065
 0.53015935	 0.00000026
 0.53362445	 0.00000047
 0.53708954	 0.00000015
 0.54055463	 0.00000000
 0.54401973	 0.00000000
 0.54748482	 0.00000000
 0.55094992	 0.00000000
 0.55441501	 0.00000000
 0.55788010	 0.00000000
 0.56134520	 0.00000000
 0.56481029	 0.00000000
 0.56827539	 0.00000000
 0.57174048	 0.00000000
 0.57520557	 0.00000000
 0.57867067	 0.00000000
 0.58213576	 0.00000000
 0.58560085	 0.00000000
 0.58906595	 0.00000000
 0.59253104	 0.00000000
 0.59599614	 0.00000000
 0.59946123	 0.00000000
 0.60292632	 0.00000000
 0.60639142	 0.00000000
 0.60985651	 0.00000000
 0.61332160	 0.00000000
 0.61678670	 0.00000000
 0.62025179	 0.00000000
 0.62371689	 0.00000000
 0.62718198	 0.00000000
 0.63064707	 0.00000000
 0.63411217	 0.00000000
 0.63757726	 0.00000000
 0.64104236	 0.00000000
 0.64450745	 0.00000000
 0.64797254	 0.00000000
 0.65143764	 0.00000000
 0.65490273	 0.00000000
 0.65836782	 0.00000000
 0.66183292	 0.00000000
 0.66529801	 0.00000000
 0.66876311	 0.00000000
 0.67222820	 0.00000000
 0.67569329	 0.00000000
 0.67915839	 0.00000000
 0.68262348	 0.00000000
 0.68608857	 0.00000000
 0.68955367	 0.00000000
 0.69301876	 0.00000000
 0.69648386	 0.00000000
 0.69994895	 0.00000000
 0.70341404	 0.00000000
 0.70687914	 0.00000000
 0.71034423	 0.00000000
 0.71380933	 0.00000000
 0.71727442	 0.00000000
 0.72073951	 0.00000000
 0.72420461	 0.00000000
 0.72766970	 0.00000000
 0.73113479	 0.00000000
 0.73459989	 0.00000000
 0.73806498	 0.00000000
 0.74153008	 0.00000000
 0.74499517	 0.00000000
 0.74846026	 0.00000000
 0.75192536	 0.00000000
 0.75539045	 0.00000000
 0.75885554	 0.00000000
 0.76232064	 0.00000000
 0.76578573	 0.00000000
 0.76925083	 0.00000000
 0.77271592	 0.00000000
 0.77618101	 0.00000000
 0.77964611	 0.00000000
 0.78311120	 0.00000000
 0.78657630	 0.00000000
 0.79004139	 0.00000000
 0.79350648	 0.00000000
 0.79697158	 0.00000000
 0.80043667	 0.00000000
 0.80390176	 0.00000000
 0.80736686	 0.00000000
 0.81083195	 0.00000000
 0.81429705	 0.00000000
 0.81776214	 0.00000000
 0.82122723	 0.00000000
 0.82469233	 0.00000000
 0.82815742	 0.00000000
 0.83162251	 0.00000000
 0.83508761	 0.00000000
 0.83855270	 0.00000000
 0.84201780	 0.00000000
 0.84548289	 0.00000000
 0.84894798	 0.00000014
 0.85241308	 0.00000047
 0.85587817	 0.00000026
 0.85934327	 0.00000065
 0.86280836	 0.00002415
 0.86627345	 0.00002326
 0.86973855	 0.00002242
 0.87320364	 0.00002160
 0.87666873	 0.00002076
 0.88013383	 0.00001990
 0.88359892	 0.00001901
 0.88706402	 0.00001807
 0.89052911	 0.00001710
 0.89399420	 0.00001608
 0.89745930	 0.00001503
 0.90092439	 0.00001394
 0.90438948	 0.00001282
 0.90785458	 0.00001168
 0.91131967	 0.00001052
 0.91478477	 0.00000934
 0.91824986	 0.00000817
 0.92171495	 0.00000701
 0.92518005	 0.00000587
 0.92864514	 0.00000477
 0.93211024	 0.00000373
 0.93557533	 0.00000276
 0.93904042	 0.00000190
 0.94250552	 0.00000116
 0.94597061	 0.00000058
 0.94943570	 0.00000019
 0.95290080	 0.00000003
 0.95636589	 0.00000015
 0.95983099	 0.00000060
 0.96329608	 0.00000143
 0.96676117	 0.00000272
 0.97022627	 0.00000452
 0.97369136	 0.00000694
 0.97715645	 0.00001005
 0.98062155	 0.00001397
 0.98408664	 0.00001882
 0.98755174	 0.00002473
 0.99101683	 0.00003184
 0.99448192	 0.00004034
 0.99794702	 0.00005042
 1.00141211	 0.00006227
 1.00487721	 0.00007616
 1.00834230	 0.00009235
 1.01180739	 0.00011115
 1.01527249	 0.00013290
 1.01873758	 0.00015798
 1.02220267	 0.00018684
 1.02566777	 0.00021995
 1.02913286	 0.00025788
 1.03259796	 0.00030122
 1.03606305	 0.00035068
 1.03952814	 0.00040703
 1.04299324	 0.00047116
 1.04645833	 0.00054404
 1.04992342	 0.00062678
 1.05338852	 0.00072063
 1.05685361	 0.00082699
 1.06031871	 0.00094745
 1.06378380	 0.00108378
 1.06724889	 0.00123799
 1.07071399	 0.00141234
 1.07417908	 0.00160937
 1.07764418	 0.00183196
 1.08110927	 0.00208335
 1.08457436	 0.00236719
 1.08803946	 0.00268763
 1.09150455	 0.00304933
 1.09496964	 0.00345756
 1.09843474	 0.00391828
 1.10189983	 0.00443826
 1.10536493	 0.00502512
 1.10883002	 0.00568751
 1.11229511	 0.00643522
 1.11576021	 0.00727935
 1.11922530	 0.00823248
 1.12269040	 0.00930890
 1.12615549	 0.01052478
 1.12962058	 0.01189851
 1.13308568	 0.01345095
 1.13655077	 0.01520583
 1.14001586	 0.01719005
 1.14348096	 0.01943426
 1.14694605	 0.02197321
 1.15041115	 0.02484650
 1.15387624	 0.02809906
 1.15734133	 0.03178203
 1.16080643	 0.03595352
 1.16427152	 0.04067958
 1.16773661	 0.04603523
 1.17120171	 0.05210568
 1.17466680	 0.05898760
 1.17813190	 0.06679060
 1.18159699	 0.07563882
 1.18506208	 0.08567269
 1.18852718	 0.09705076
 1.19199227	 0.10995177
 1.19545737	 0.12457666
 1.19892246	 0.14115081
 1.20238755	 0.15992612
 1.20585265	 0.18118305
 1.20931774	 0.20523248
 1.21278283	 0.23241710
 1.21624793	 0.26311232
 1.21971302	 0.29772620
 1.22317812	 0.33669841
 1.22664321	 0.38049736
 1.23010830	 0.42961570
 1.23357340	 0.48456288
 1.23703849	 0.54585523
 1.24050358	 0.61400179
 1.24396868	 0.68948701
 1.24743377	 0.77274796
 1.25089887	 0.86414836
 1.25436396	 0.96394693
 1.25782905	 1.07226398
 1.26129415	 1.18904440
 1.26475924	 1.31402326
 1.26822434	 1.44669378
 1.27168943	 1.58628719
 1.27515452	 1.73176675
 1.27861962	 1.88184918
 1.28208471	 2.03505736
 1.28554980	 2.18981022
 1.28901490	 2.34451116
 1.29247999	 2.49744268
 1.29594509	 2.64563502
 1.29941018	 2.77953856
 1.30287527	 2.86524116
 1.30634037	 2.82489321
 1.30980546	 2.63994725
 1.31327055	 2.47166688
 1.31673565	 2.43026168
 1.32020074	 2.50822647
 1.32366584	 2.68508374
 1.32713093	 2.95583591
 1.33059602	 3.31792368
 1.33406112	 3.75345906
 1.33752621	 4.21736540
 1.34099131	 4.64960355
 1.34445640	 5.00950064
 1.34792149	 5.29187841
 1.35138659	 5.51205095
 1.35485168	 5.68748232
 1.35831677	 5.83070657
 1.36178187	 5.94933862
 1.36524696	 6.04775026
 1.36871206	 6.12847705
 1.37217715	 6.19304844
 1.37564224	 6.24244806
 1.37910734	 6.27732250
 1.38257243	 6.29809783
