-1.000000	0.011751
-0.989950	0.011957
-0.979899	0.012168
-0.969849	0.012385
-0.959799	0.012608
-0.949749	0.012837
-0.939698	0.013072
-0.929648	0.013315
-0.919598	0.013563
-0.909548	0.013820
-0.899497	0.014083
-0.889447	0.014354
-0.879397	0.014633
-0.869347	0.014921
-0.859296	0.015217
-0.849246	0.015523
-0.839196	0.015838
-0.829146	0.016162
-0.819095	0.016497
-0.809045	0.016843
-0.798995	0.017200
-0.788945	0.017568
-0.778894	0.017949
-0.768844	0.018343
-0.758794	0.018750
-0.748744	0.019170
-0.738693	0.019606
-0.728643	0.020056
-0.718593	0.020523
-0.708543	0.021007
-0.698492	0.021508
-0.688442	0.022028
-0.678392	0.022567
-0.668342	0.023127
-0.658291	0.023709
-0.648241	0.024313
-0.638191	0.024941
-0.628141	0.025595
-0.618090	0.026275
-0.608040	0.026983
-0.597990	0.027722
-0.587940	0.028491
-0.577889	0.029295
-0.567839	0.030133
-0.557789	0.031009
-0.547739	0.031926
-0.537688	0.032884
-0.527638	0.033888
-0.517588	0.034940
-0.507538	0.036043
-0.497487	0.037202
-0.487437	0.038419
-0.477387	0.039699
-0.467337	0.041046
-0.457286	0.042465
-0.447236	0.043963
-0.437186	0.045544
-0.427136	0.047215
-0.417085	0.048984
-0.407035	0.050858
-0.396985	0.052847
-0.386935	0.054961
-0.376884	0.057209
-0.366834	0.059605
-0.356784	0.062162
-0.346734	0.064896
-0.336683	0.067823
-0.326633	0.070964
-0.316583	0.074341
-0.306533	0.077978
-0.296482	0.081905
-0.286432	0.086155
-0.276382	0.090765
-0.266332	0.095780
-0.256281	0.101251
-0.246231	0.107239
-0.236181	0.113814
-0.226131	0.121059
-0.216080	0.129074
-0.206030	0.137980
-0.195980	0.147922
-0.185930	0.159079
-0.175879	0.171669
-0.165829	0.185967
-0.155779	0.202322
-0.145729	0.221177
-0.135678	0.243115
-0.125628	0.268903
-0.115578	0.299584
-0.105528	0.336603
-0.095477	0.382018
-0.085427	0.438866
-0.075377	0.511814
-0.065327	0.608396
-0.055276	0.741603
-0.045226	0.935818
-0.035176	1.242553
-0.025126	1.791399
-0.015075	3.015074
-0.005025	7.241598
0.005025	19.246347
0.015075	23.406281
0.025126	24.497604
0.035176	24.849976
0.045226	24.898539
0.055276	24.776034
0.065327	24.537784
0.075377	24.212552
0.085427	23.818169
0.095477	23.367347
0.105528	22.870131
0.115578	22.335004
0.125628	21.769404
0.135678	21.179972
0.145729	20.572658
0.155779	19.952780
0.165829	19.325056
0.175879	18.693634
0.185930	18.062131
0.195980	17.433698
0.206030	16.811041
0.216080	16.196507
0.226131	15.592220
0.236181	14.999957
0.246231	14.421372
0.256281	13.857773
0.266332	13.310935
0.276382	12.781937
0.286432	12.271802
0.296482	11.782618
0.306533	11.315813
0.316583	10.866644
0.326633	10.447953
0.336683	10.045772
0.346734	9.667051
0.356784	9.320365
0.366834	9.000856
0.376884	8.705803
0.386935	8.434154
0.396985	8.186844
0.407035	7.979338
0.417085	7.839109
0.427136	7.742754
0.437186	7.658412
0.447236	7.723293
0.457286	8.002314
0.467337	8.589381
0.477387	10.189178
0.487437	14.475033
0.497487	24.126542
0.507538	37.524767
0.517588	9.674962
0.527638	3.569887
0.537688	1.895254
0.547739	1.206882
0.557789	0.853630
0.567839	0.645894
0.577889	0.511998
0.587940	0.419823
0.597990	0.353152
0.608040	0.303037
0.618090	0.264193
0.628141	0.233321
0.638191	0.208271
0.648241	0.187585
0.658291	0.170248
0.668342	0.155530
0.678392	0.142895
0.688442	0.131942
0.698492	0.122365
0.708543	0.113927
0.718593	0.106442
0.728643	0.099761
0.738693	0.093765
0.748744	0.088357
0.758794	0.083457
0.768844	0.078998
0.778894	0.074925
0.788945	0.071193
0.798995	0.067761
0.809045	0.064595
0.819095	0.061668
0.829146	0.058953
0.839196	0.056430
0.849246	0.054080
0.859296	0.051886
0.869347	0.049834
0.879397	0.047911
0.889447	0.046105
0.899497	0.044408
0.909548	0.042809
0.919598	0.041302
0.929648	0.039878
0.939698	0.038531
0.949749	0.037256
0.959799	0.036048
0.969849	0.034900
0.979899	0.033810
0.989950	0.032773
1.000000	0.031786
