 2.61724000	 0.00000000	 0.00000000000
-23.55522000	27.19920000	 0.00145839205
-20.93798000	27.19920000	 0.00079550322
-19.62935000	29.46580000	 0.00174853989
-17.01211000	29.46580000	 0.00097162197
-15.70348000	31.73240000	 0.00193436249
-13.08624000	31.73240000	 0.00116184404
-11.77761000	33.99900000	 0.00198793349
-9.16037000	33.99900000	 0.00134962766
-31.40696000	18.13280000	 0.00076846055
-28.78972000	18.13280000	 0.00057067648
-27.48109000	20.39940000	 0.00110663438
-24.86385000	20.39940000	 0.00069003944
-23.55522000	22.66600000	 0.00153691610
-20.93798000	22.66600000	 0.00086531808
-19.62935000	24.93260000	 0.00195859895
-17.01211000	24.93260000	 0.00109664922
-15.70348000	27.19920000	 0.00223551644
-13.08624000	27.19920000	 0.00132461164
-11.77761000	29.46580000	 0.00231174659
-9.16037000	29.46580000	 0.00153524079
-7.85174000	31.73240000	 0.00222234288
-5.23450000	31.73240000	 0.00170180692
-3.92587000	33.99900000	 0.00202579493
-1.30863000	33.99900000	 0.00182250234
 0.00000000	36.26560000	 0.00174720057
 2.61724000	36.26560000	 0.00190125880
-31.40696000	13.59960000	 0.00064429350
-28.78972000	13.59960000	 0.00051753879
-27.48109000	15.86620000	 0.00100847860
-24.86385000	15.86620000	 0.00068080419
-23.55522000	18.13280000	 0.00152743333
-20.93798000	18.13280000	 0.00090281472
-19.62935000	20.39940000	 0.00212104807
-17.01211000	20.39940000	 0.00119495650
-15.70348000	22.66600000	 0.00258125497
-13.08624000	22.66600000	 0.00150889728
-11.77761000	24.93260000	 0.00274725800
-9.16037000	24.93260000	 0.00178353928
-7.85174000	27.19920000	 0.00262834338
-5.23450000	27.19920000	 0.00198466150
-3.92587000	29.46580000	 0.00232334592
-1.30863000	29.46580000	 0.00209812562
 0.00000000	31.73240000	 0.00194826653
 2.61724000	31.73240000	 0.00211983335
 3.92587000	33.99900000	 0.00157277682
 6.54311000	33.99900000	 0.00201466885
-35.33283000	 6.79980000	 0.00033971814
-32.71559000	 6.79980000	 0.00035830078
-31.40696000	 9.06640000	 0.00051487524
-28.78972000	 9.06640000	 0.00043355133
-27.48109000	11.33300000	 0.00084534829
-24.86385000	11.33300000	 0.00060362761
-23.55522000	13.59960000	 0.00139542278
-20.93798000	13.59960000	 0.00086879420
-19.62935000	15.86620000	 0.00215098162
-17.01211000	15.86620000	 0.00123704354
-15.70348000	18.13280000	 0.00289569252
-13.08624000	18.13280000	 0.00167611742
-11.77761000	20.39940000	 0.00327709160
-9.16037000	20.39940000	 0.00207828621
-7.85174000	22.66600000	 0.00317895427
-5.23450000	22.66600000	 0.00235860174
-3.92587000	24.93260000	 0.00277818836
-1.30863000	24.93260000	 0.00249297430
 0.00000000	27.19920000	 0.00227683875
 2.61724000	27.19920000	 0.00247841223
 3.92587000	29.46580000	 0.00181048654
 6.54311000	29.46580000	 0.00233090120
 7.85174000	31.73240000	 0.00141047498
10.46898000	31.73240000	 0.00206238980
11.77761000	33.99900000	 0.00107540671
14.39485000	33.99900000	 0.00175005690
-35.33283000	 2.26660000	 0.00029067668
-32.71559000	 2.26660000	 0.00031656684
-31.40696000	 4.53320000	 0.00042752514
-28.78972000	 4.53320000	 0.00036888004
-27.48109000	 6.79980000	 0.00069558104
-24.86385000	 6.79980000	 0.00050423430
-23.55522000	 9.06640000	 0.00119350441
-20.93798000	 9.06640000	 0.00076859693
-19.62935000	11.33300000	 0.00201274061
-17.01211000	11.33300000	 0.00119422400
-15.70348000	13.59960000	 0.00305434253
-13.08624000	13.59960000	 0.00176998069
-11.77761000	15.86620000	 0.00383218207
-9.16037000	15.86620000	 0.00238051430
-7.85174000	18.13280000	 0.00390455364
-5.23450000	18.13280000	 0.00283252386
-3.92587000	20.39940000	 0.00341915057
-1.30863000	20.39940000	 0.00303551451
 0.00000000	22.66600000	 0.00275240024
 2.61724000	22.66600000	 0.00301159099
 3.92587000	24.93260000	 0.00213167014
 6.54311000	24.93260000	 0.00278443909
 7.85174000	27.19920000	 0.00161833999
10.46898000	27.19920000	 0.00242161469
11.77761000	29.46580000	 0.00120987512
14.39485000	29.46580000	 0.00200073373
15.70348000	31.73240000	 0.00088908667
18.32072000	31.73240000	 0.00159098172
-35.33283000	-2.26660000	 0.00029067668
-32.71559000	-2.26660000	 0.00031656684
-31.40696000	 0.00000000	 0.00039486645
-28.78972000	 0.00000000	 0.00034275324
-27.48109000	 2.26660000	 0.00061248591
-24.86385000	 2.26660000	 0.00044151496
-23.55522000	 4.53320000	 0.00102461241
-20.93798000	 4.53320000	 0.00066052402
-19.62935000	 6.79980000	 0.00177649399
-17.01211000	 6.79980000	 0.00107451951
-15.70348000	 9.06640000	 0.00296530700
-13.08624000	 9.06640000	 0.00174200963
-11.77761000	11.33300000	 0.00424705171
-9.16037000	11.33300000	 0.00260499594
-7.85174000	13.59960000	 0.00476729110
-5.23450000	13.59960000	 0.00337297013
-3.92587000	15.86620000	 0.00426886266
-1.30863000	15.86620000	 0.00375572355
 0.00000000	18.13280000	 0.00339220980
 2.61724000	18.13280000	 0.00373409409
 3.92587000	20.39940000	 0.00255449153
 6.54311000	20.39940000	 0.00340355724
 7.85174000	22.66600000	 0.00188863605
10.46898000	22.66600000	 0.00289146233
11.77761000	24.93260000	 0.00138160797
14.39485000	24.93260000	 0.00232614986
15.70348000	27.19920000	 0.00100899893
18.32072000	27.19920000	 0.00180306407
19.62935000	29.46580000	 0.00073033047
22.24659000	29.46580000	 0.00136298072
-35.33283000	-6.79980000	 0.00033971814
-32.71559000	-6.79980000	 0.00035830078
-31.40696000	-4.53320000	 0.00042752514
-28.78972000	-4.53320000	 0.00036888004
-27.48109000	-2.26660000	 0.00061248591
-24.86385000	-2.26660000	 0.00044151496
-23.55522000	 0.00000000	 0.00096785666
-20.93798000	 0.00000000	 0.00061876288
-19.62935000	 2.26660000	 0.00161081185
-17.01211000	 2.26660000	 0.00097299623
-15.70348000	 4.53320000	 0.00273768076
-13.08624000	 4.53320000	 0.00163016050
-11.77761000	 6.79980000	 0.00435240684
-9.16037000	 6.79980000	 0.00266959533
-7.85174000	 9.06640000	 0.00556310571
-5.23450000	 9.06640000	 0.00386698103
-3.92587000	11.33300000	 0.00534934565
-1.30863000	11.33300000	 0.00464120489
 0.00000000	13.59960000	 0.00421926175
 2.61724000	13.59960000	 0.00468048773
 3.92587000	15.86620000	 0.00309412362
 6.54311000	15.86620000	 0.00421084008
 7.85174000	18.13280000	 0.00220977616
10.46898000	18.13280000	 0.00346752304
11.77761000	20.39940000	 0.00157396682
14.39485000	20.39940000	 0.00269528791
15.70348000	22.66600000	 0.00113224479
18.32072000	22.66600000	 0.00202315719
19.62935000	24.93260000	 0.00082126682
22.24659000	24.93260000	 0.00149682697
23.55522000	27.19920000	 0.00060241826
26.17246000	27.19920000	 0.00109597503
-31.40696000	-9.06640000	 0.00051487524
-28.78972000	-9.06640000	 0.00043355133
-27.48109000	-6.79980000	 0.00069558104
-24.86385000	-6.79980000	 0.00050423430
-23.55522000	-4.53320000	 0.00102461241
-20.93798000	-4.53320000	 0.00066052402
-19.62935000	-2.26660000	 0.00161081185
-17.01211000	-2.26660000	 0.00097299623
-15.70348000	 0.00000000	 0.00260144824
-13.08624000	 0.00000000	 0.00155838118
-11.77761000	 2.26660000	 0.00422547400
-9.16037000	 2.26660000	 0.00260173101
-7.85174000	 4.53320000	 0.00605145922
-5.23450000	 4.53320000	 0.00415465564
-3.92587000	 6.79980000	 0.00652187299
-1.30863000	 6.79980000	 0.00556473577
 0.00000000	 9.06640000	 0.00524658194
 2.61724000	 9.06640000	 0.00588427187
 3.92587000	11.33300000	 0.00371268808
 6.54311000	11.33300000	 0.00517000666
 7.85174000	13.59960000	 0.00254369806
10.46898000	13.59960000	 0.00408911976
11.77761000	15.86620000	 0.00175018940
14.39485000	15.86620000	 0.00303440524
15.70348000	18.13280000	 0.00122763414
18.32072000	18.13280000	 0.00219045507
19.62935000	20.39940000	 0.00088527344
22.24659000	20.39940000	 0.00157487599
23.55522000	22.66600000	 0.00065918167
26.17246000	22.66600000	 0.00113674302
-31.40696000	-13.59960000	 0.00064429350
-28.78972000	-13.59960000	 0.00051753879
-27.48109000	-11.33300000	 0.00084534829
-24.86385000	-11.33300000	 0.00060362761
-23.55522000	-9.06640000	 0.00119350441
-20.93798000	-9.06640000	 0.00076859693
-19.62935000	-6.79980000	 0.00177649399
-17.01211000	-6.79980000	 0.00107451951
-15.70348000	-4.53320000	 0.00273768076
-13.08624000	-4.53320000	 0.00163016050
-11.77761000	-2.26660000	 0.00422547400
-9.16037000	-2.26660000	 0.00260173101
-7.85174000	 0.00000000	 0.00624164747
-5.23450000	 0.00000000	 0.00425534468
-3.92587000	 2.26660000	 0.00732290651
-1.30863000	 2.26660000	 0.00624522436
 0.00000000	 4.53320000	 0.00627496959
 2.61724000	 4.53320000	 0.00707811452
 3.92587000	 6.79980000	 0.00428746843
 6.54311000	 6.79980000	 0.00611205914
 7.85174000	 9.06640000	 0.00280835658
10.46898000	 9.06640000	 0.00457555365
11.77761000	11.33300000	 0.00185015062
14.39485000	11.33300000	 0.00322011620
15.70348000	13.59960000	 0.00126554243
18.32072000	13.59960000	 0.00222726080
19.62935000	15.86620000	 0.00090848177
22.24659000	15.86620000	 0.00155344480
23.55522000	18.13280000	 0.00069609801
26.17246000	18.13280000	 0.00111684804
27.48109000	20.39940000	 0.00056461929
30.09833000	20.39940000	 0.00083516655
-31.40696000	-18.13280000	 0.00076846055
-28.78972000	-18.13280000	 0.00057067648
-27.48109000	-15.86620000	 0.00100847860
-24.86385000	-15.86620000	 0.00068080419
-23.55522000	-13.59960000	 0.00139542278
-20.93798000	-13.59960000	 0.00086879420
-19.62935000	-11.33300000	 0.00201274061
-17.01211000	-11.33300000	 0.00119422400
-15.70348000	-9.06640000	 0.00296530700
-13.08624000	-9.06640000	 0.00174200963
-11.77761000	-6.79980000	 0.00435240684
-9.16037000	-6.79980000	 0.00266959533
-7.85174000	-4.53320000	 0.00605145922
-5.23450000	-4.53320000	 0.00415465564
-3.92587000	-2.26660000	 0.00732290651
-1.30863000	-2.26660000	 0.00624522436
 0.00000000	 0.00000000	 0.00669208916
 2.61724000	 0.00000000	 0.00754848969
 3.92587000	 2.26660000	 0.00467684047
 6.54311000	 2.26660000	 0.00672881386
 7.85174000	 4.53320000	 0.00290771170
10.46898000	 4.53320000	 0.00476831048
11.77761000	 6.79980000	 0.00183872835
14.39485000	 6.79980000	 0.00317846934
15.70348000	 9.06640000	 0.00121807155
18.32072000	 9.06640000	 0.00209692187
19.62935000	11.33300000	 0.00086809685
22.24659000	11.33300000	 0.00142207103
23.55522000	13.59960000	 0.00067179179
26.17246000	13.59960000	 0.00100734346
27.48109000	15.86620000	 0.00056357567
30.09833000	15.86620000	 0.00076151699
31.40696000	18.13280000	 0.00051014468
34.02420000	18.13280000	 0.00061362346
-27.48109000	-20.39940000	 0.00110663438
-24.86385000	-20.39940000	 0.00069003944
-23.55522000	-18.13280000	 0.00152743333
-20.93798000	-18.13280000	 0.00090281472
-19.62935000	-15.86620000	 0.00215098162
-17.01211000	-15.86620000	 0.00123704354
-15.70348000	-13.59960000	 0.00305434253
-13.08624000	-13.59960000	 0.00176998069
-11.77761000	-11.33300000	 0.00424705171
-9.16037000	-11.33300000	 0.00260499594
-7.85174000	-9.06640000	 0.00556310571
-5.23450000	-9.06640000	 0.00386698103
-3.92587000	-6.79980000	 0.00652187299
-1.30863000	-6.79980000	 0.00556473576
 0.00000000	-4.53320000	 0.00627496959
 2.61724000	-4.53320000	 0.00707811452
 3.92587000	-2.26660000	 0.00467684047
 6.54311000	-2.26660000	 0.00672881386
 7.85174000	 0.00000000	 0.00291952116
10.46898000	 0.00000000	 0.00480994622
11.77761000	 2.26660000	 0.00176182129
14.39485000	 2.26660000	 0.00302034379
15.70348000	 4.53320000	 0.00111624847
18.32072000	 4.53320000	 0.00190359497
19.62935000	 6.79980000	 0.00076849065
22.24659000	 6.79980000	 0.00123332011
23.55522000	 9.06640000	 0.00059073654
26.17246000	 9.06640000	 0.00084893196
27.48109000	11.33300000	 0.00050210708
30.09833000	11.33300000	 0.00063278530
31.40696000	13.59960000	 0.00046921065
34.02420000	13.59960000	 0.00051324202
-23.55522000	-22.66600000	 0.00153691610
-20.93798000	-22.66600000	 0.00086531808
-19.62935000	-20.39940000	 0.00212104807
-17.01211000	-20.39940000	 0.00119495650
-15.70348000	-18.13280000	 0.00289569252
-13.08624000	-18.13280000	 0.00167611742
-11.77761000	-15.86620000	 0.00383218207
-9.16037000	-15.86620000	 0.00238051430
-7.85174000	-13.59960000	 0.00476729110
-5.23450000	-13.59960000	 0.00337297013
-3.92587000	-11.33300000	 0.00534934565
-1.30863000	-11.33300000	 0.00464120489
 0.00000000	-9.06640000	 0.00524658194
 2.61724000	-9.06640000	 0.00588427187
 3.92587000	-6.79980000	 0.00428746843
 6.54311000	-6.79980000	 0.00611205914
 7.85174000	-4.53320000	 0.00290771170
10.46898000	-4.53320000	 0.00476831048
11.77761000	-2.26660000	 0.00176182129
14.39485000	-2.26660000	 0.00302034379
15.70348000	 0.00000000	 0.00105784453
18.32072000	 0.00000000	 0.00180484530
19.62935000	 2.26660000	 0.00068566058
22.24659000	 2.26660000	 0.00110494197
23.55522000	 4.53320000	 0.00050039408
26.17246000	 4.53320000	 0.00071637267
27.48109000	 6.79980000	 0.00042035236
30.09833000	 6.79980000	 0.00051096443
31.40696000	 9.06640000	 0.00040231079
34.02420000	 9.06640000	 0.00040686720
-23.55522000	-27.19920000	 0.00145839205
-20.93798000	-27.19920000	 0.00079550322
-19.62935000	-24.93260000	 0.00195859895
-17.01211000	-24.93260000	 0.00109664922
-15.70348000	-22.66600000	 0.00258125497
-13.08624000	-22.66600000	 0.00150889728
-11.77761000	-20.39940000	 0.00327709160
-9.16037000	-20.39940000	 0.00207828621
-7.85174000	-18.13280000	 0.00390455364
-5.23450000	-18.13280000	 0.00283252386
-3.92587000	-15.86620000	 0.00426886266
-1.30863000	-15.86620000	 0.00375572355
 0.00000000	-13.59960000	 0.00421926175
 2.61724000	-13.59960000	 0.00468048773
 3.92587000	-11.33300000	 0.00371268808
 6.54311000	-11.33300000	 0.00517000666
 7.85174000	-9.06640000	 0.00280835658
10.46898000	-9.06640000	 0.00457555365
11.77761000	-6.79980000	 0.00183872835
14.39485000	-6.79980000	 0.00317846934
15.70348000	-4.53320000	 0.00111624847
18.32072000	-4.53320000	 0.00190359497
19.62935000	-2.26660000	 0.00068566058
22.24659000	-2.26660000	 0.00110494197
23.55522000	 0.00000000	 0.00046440505
26.17246000	 0.00000000	 0.00066968211
27.48109000	 2.26660000	 0.00036936452
30.09833000	 2.26660000	 0.00044147848
31.40696000	 4.53320000	 0.00034895028
34.02420000	 4.53320000	 0.00033394281
35.33283000	 6.79980000	 0.00038153708
37.95007000	 6.79980000	 0.00029492276
-19.62935000	-29.46580000	 0.00174853989
-17.01211000	-29.46580000	 0.00097162197
-15.70348000	-27.19920000	 0.00223551644
-13.08624000	-27.19920000	 0.00132461164
-11.77761000	-24.93260000	 0.00274725800
-9.16037000	-24.93260000	 0.00178353928
-7.85174000	-22.66600000	 0.00317895427
-5.23450000	-22.66600000	 0.00235860174
-3.92587000	-20.39940000	 0.00341915057
-1.30863000	-20.39940000	 0.00303551451
 0.00000000	-18.13280000	 0.00339220980
 2.61724000	-18.13280000	 0.00373409409
 3.92587000	-15.86620000	 0.00309412362
 6.54311000	-15.86620000	 0.00421084008
 7.85174000	-13.59960000	 0.00254369806
10.46898000	-13.59960000	 0.00408911976
11.77761000	-11.33300000	 0.00185015062
14.39485000	-11.33300000	 0.00322011620
15.70348000	-9.06640000	 0.00121807155
18.32072000	-9.06640000	 0.00209692187
19.62935000	-6.79980000	 0.00076849065
22.24659000	-6.79980000	 0.00123332011
23.55522000	-4.53320000	 0.00050039408
26.17246000	-4.53320000	 0.00071637267
27.48109000	-2.26660000	 0.00036936452
30.09833000	-2.26660000	 0.00044147848
31.40696000	 0.00000000	 0.00032592190
34.02420000	 0.00000000	 0.00030662432
35.33283000	 2.26660000	 0.00034344104
37.95007000	 2.26660000	 0.00025055395
-15.70348000	-31.73240000	 0.00193436249
-13.08624000	-31.73240000	 0.00116184404
-11.77761000	-29.46580000	 0.00231174659
-9.16037000	-29.46580000	 0.00153524079
-7.85174000	-27.19920000	 0.00262834338
-5.23450000	-27.19920000	 0.00198466150
-3.92587000	-24.93260000	 0.00277818836
-1.30863000	-24.93260000	 0.00249297430
 0.00000000	-22.66600000	 0.00275240024
 2.61724000	-22.66600000	 0.00301159099
 3.92587000	-20.39940000	 0.00255449153
 6.54311000	-20.39940000	 0.00340355724
 7.85174000	-18.13280000	 0.00220977616
10.46898000	-18.13280000	 0.00346752304
11.77761000	-15.86620000	 0.00175018940
14.39485000	-15.86620000	 0.00303440524
15.70348000	-13.59960000	 0.00126554243
18.32072000	-13.59960000	 0.00222726080
19.62935000	-11.33300000	 0.00086809685
22.24659000	-11.33300000	 0.00142207103
23.55522000	-9.06640000	 0.00059073654
26.17246000	-9.06640000	 0.00084893196
27.48109000	-6.79980000	 0.00042035236
30.09833000	-6.79980000	 0.00051096443
31.40696000	-4.53320000	 0.00034895028
34.02420000	-4.53320000	 0.00033394281
35.33283000	-2.26660000	 0.00034344104
37.95007000	-2.26660000	 0.00025055395
-11.77761000	-33.99900000	 0.00198793349
-9.16037000	-33.99900000	 0.00134962766
-7.85174000	-31.73240000	 0.00222234288
-5.23450000	-31.73240000	 0.00170180692
-3.92587000	-29.46580000	 0.00232334592
-1.30863000	-29.46580000	 0.00209812562
 0.00000000	-27.19920000	 0.00227683875
 2.61724000	-27.19920000	 0.00247841223
 3.92587000	-24.93260000	 0.00213167014
 6.54311000	-24.93260000	 0.00278443909
 7.85174000	-22.66600000	 0.00188863605
10.46898000	-22.66600000	 0.00289146233
11.77761000	-20.39940000	 0.00157396682
14.39485000	-20.39940000	 0.00269528791
15.70348000	-18.13280000	 0.00122763414
18.32072000	-18.13280000	 0.00219045507
19.62935000	-15.86620000	 0.00090848177
22.24659000	-15.86620000	 0.00155344480
23.55522000	-13.59960000	 0.00067179179
26.17246000	-13.59960000	 0.00100734346
27.48109000	-11.33300000	 0.00050210708
30.09833000	-11.33300000	 0.00063278530
31.40696000	-9.06640000	 0.00040231079
34.02420000	-9.06640000	 0.00040686720
35.33283000	-6.79980000	 0.00038153708
37.95007000	-6.79980000	 0.00029492276
-3.92587000	-33.99900000	 0.00202579493
-1.30863000	-33.99900000	 0.00182250234
 0.00000000	-31.73240000	 0.00194826653
 2.61724000	-31.73240000	 0.00211983335
 3.92587000	-29.46580000	 0.00181048654
 6.54311000	-29.46580000	 0.00233090120
 7.85174000	-27.19920000	 0.00161833999
10.46898000	-27.19920000	 0.00242161469
11.77761000	-24.93260000	 0.00138160797
14.39485000	-24.93260000	 0.00232614986
15.70348000	-22.66600000	 0.00113224479
18.32072000	-22.66600000	 0.00202315719
19.62935000	-20.39940000	 0.00088527344
22.24659000	-20.39940000	 0.00157487599
23.55522000	-18.13280000	 0.00069609801
26.17246000	-18.13280000	 0.00111684804
27.48109000	-15.86620000	 0.00056357567
30.09833000	-15.86620000	 0.00076151699
31.40696000	-13.59960000	 0.00046921065
34.02420000	-13.59960000	 0.00051324202
 0.00000000	-36.26560000	 0.00174720057
 2.61724000	-36.26560000	 0.00190125880
 3.92587000	-33.99900000	 0.00157277682
 6.54311000	-33.99900000	 0.00201466885
 7.85174000	-31.73240000	 0.00141047498
10.46898000	-31.73240000	 0.00206238980
11.77761000	-29.46580000	 0.00120987512
14.39485000	-29.46580000	 0.00200073373
15.70348000	-27.19920000	 0.00100899893
18.32072000	-27.19920000	 0.00180306407
19.62935000	-24.93260000	 0.00082126682
22.24659000	-24.93260000	 0.00149682697
23.55522000	-22.66600000	 0.00065918167
26.17246000	-22.66600000	 0.00113674302
27.48109000	-20.39940000	 0.00056461929
30.09833000	-20.39940000	 0.00083516655
31.40696000	-18.13280000	 0.00051014468
34.02420000	-18.13280000	 0.00061362346
11.77761000	-33.99900000	 0.00107540671
14.39485000	-33.99900000	 0.00175005690
15.70348000	-31.73240000	 0.00088908667
18.32072000	-31.73240000	 0.00159098172
19.62935000	-29.46580000	 0.00073033047
22.24659000	-29.46580000	 0.00136298072
23.55522000	-27.19920000	 0.00060241826
26.17246000	-27.19920000	 0.00109597503
#
