15	2.9675394590e+08
15	3.6769826015e+07
15	1.1832565952e+09
15	1.4716523671e+08
15	1.6693531996e+08
15	1.6492398285e+08
15	6.6451750860e+08
15	6.7255069686e+08
15	1.6693531996e+08
15	1.6492398285e+08
15	1.6612937715e+08
15	1.6813767421e+08
15	1.7403643113e+08
15	1.7403590609e+08
15	1.5902713692e+08
15	1.5902670199e+08
15	1.6647130433e+08
15	1.6646334300e+08
15	1.6659160117e+08
15	1.6659992781e+08
15	6.3415063849e+07
15	6.2539883003e+07
15	2.6851277602e+08
15	2.7165863013e+08
15	1.6693531996e+08
15	1.6492398285e+08
15	1.6612937715e+08
15	1.6813767421e+08
