7	3.2330339455e+09
7	3.1828325848e+09
7	6.4148659056e+10
7	6.4628829663e+10
11	3.0806972429e+08
11	3.0619441983e+08
11	2.5591017176e+08
11	2.5781212974e+08
15	2.5477434005e+07
15	2.5112890864e+07
15	1.1112454741e+08
15	1.1250171972e+08
19	1.2309220699e+07
19	1.2160670521e+07
19	2.0681665922e+06
19	2.0908712880e+06
23	2.2842347834e+06
23	2.2306662265e+06
23	3.3805157561e+05
23	3.4166860780e+05
27	7.0092961989e+04
27	5.5601576819e+04
27	7.8650408985e+04
27	8.3152526463e+04
31	1.0643762845e+03
31	1.1048680985e+03
31	6.9037108085e+04
31	7.2745808318e+04
