    1.413949815578056e-01
    1.783983297198628e-01
    1.150515579623142e-01
    8.944061727434111e-02
    7.087837007877158e-02
    5.948603957602551e-02
    5.030139261129729e-02
    4.373200276347077e-02
    3.826111579252952e-02
    3.396391183442697e-02
    3.036230626191350e-02
    2.732742676454515e-02
    2.479948862339235e-02
    2.254288984073854e-02
    2.068570603641920e-02
    1.894557423430760e-02
    1.753243538183016e-02
    1.615455843046301e-02
    1.504806162325824e-02
    1.393549194848223e-02
    1.304772017649878e-02
    1.213618252372954e-02
    1.140858743777327e-02
    1.065348082027481e-02
    1.004590970832464e-02
    9.415019262993206e-03
    8.899337339540125e-03
    8.368561470968948e-03
    7.924738106194139e-03
    7.475496642366172e-03
    7.089089110157861e-03
    6.706707484890863e-03
    6.367179473822262e-03
    6.039855958228447e-03
    5.739419895198988e-03
    5.457547381162484e-03
    5.190351086843387e-03
    4.946056503114823e-03
    4.707605771674549e-03
    4.494423653551746e-03
    1.783983297198626e-01
    3.013832598755318e-01
    2.234426669367169e-01
    1.748303214161898e-01
    1.406691585556762e-01
    1.181112490601510e-01
    1.000741035250199e-01
    8.730379565966212e-02
    7.613472605061720e-02
    6.799159947259331e-02
    6.040319488754209e-02
    5.479459457536631e-02
    4.932678206398113e-02
    4.524230014520263e-02
    4.114428241015759e-02
    3.803757068715834e-02
    3.488096942146583e-02
    3.243305601019591e-02
    2.995318067583994e-02
    2.796762663781464e-02
    2.599012635258506e-02
    2.434125024035350e-02
    2.274516440239096e-02
    2.135021437257847e-02
    2.004809708346406e-02
    1.885125919937726e-02
    1.777790216793704e-02
    1.674062277168784e-02
    1.584634264360326e-02
    1.494124843860178e-02
    1.418769403973496e-02
    1.339468122406243e-02
    1.275207543910471e-02
    1.205576811995094e-02
    1.150098986640421e-02
    1.088909260077898e-02
    1.040426712942182e-02
    9.866513267350715e-03
    9.437924223437031e-03
    8.965423642115257e-03
    1.150515579623266e-01
    2.234426669367335e-01
    1.968159834135589e-01
    1.632432650527200e-01
    1.362735647866674e-01
    1.149971262580890e-01
    9.893784979979878e-02
    8.595882742955759e-02
    7.580639616774403e-02
    6.723985451944195e-02
    6.033686229743140e-02
    5.431242588094931e-02
    4.935032403247760e-02
    4.491235180209448e-02
    4.119165788395665e-02
    3.780773251243821e-02
    3.492456072667600e-02
    3.227556462762465e-02
    2.998191389788663e-02
    2.786490547389937e-02
    2.600092808074573e-02
    2.428046675404866e-02
    2.273904511388029e-02
    2.132109139240146e-02
    2.002809242777272e-02
    1.884520334447224e-02
    1.774787576577088e-02
    1.675039702867947e-02
    1.581025268361543e-02
    1.496085451415653e-02
    1.414914634677534e-02
    1.341930202155622e-02
    1.271407177566705e-02
    1.208170584412017e-02
    1.146581565394748e-02
    1.091367964362869e-02
    1.037347864524206e-02
    9.887993667347507e-03
    9.412403790951301e-03
    8.982812523441588e-03
    8.944061727434131e-02
    1.748303214161966e-01
    1.632432650527245e-01
    1.460518547837470e-01
    1.271008976224876e-01
    1.101571091726887e-01
    9.592482544905145e-02
    8.419649745312302e-02
    7.452499625058420e-02
    6.645341529136491e-02
    5.968621697580916e-02
    5.391017614644329e-02
    4.897911480752087e-02
    4.468534112996543e-02
    4.096310236892891e-02
    3.766899326216906e-02
    3.477690706707398e-02
    3.218448815730930e-02
    2.988387016208687e-02
    2.780097553296942e-02
    2.593505581000425e-02
    2.423277216764866e-02
    2.269481424431649e-02
    2.128365110460706e-02
    1.999870823852750e-02
    1.881468924259264e-02
    1.772872320807433e-02
    1.672494385348640e-02
    1.579808546218645e-02
    1.493940454534926e-02
    1.414163783100289e-02
    1.340123229708252e-02
    1.270954905121505e-02
    1.206661392135278e-02
    1.146308956660940e-02
    1.090126252605507e-02
    1.037172614358220e-02
    9.877983045185747e-03
    9.411080386319303e-03
    8.974944271751863e-03
    7.087837007877214e-02
    1.406691585556700e-01
    1.362735647866435e-01
    1.271008976224572e-01
    1.153649770930664e-01
    1.030358571525656e-01
    9.149846392178948e-02
    8.138604099826202e-02
    7.261337012412600e-02
    6.517164685075891e-02
    5.873049154502308e-02
    5.325024118846984e-02
    4.844404718912998e-02
    4.431318085382531e-02
    4.063771403777255e-02
    3.744391802244595e-02
    3.456693369019612e-02
    3.204038127359018e-02
    2.974261283139203e-02
    2.770402403568900e-02
    2.583731308622039e-02
    2.416454711024245e-02
    2.262596161838377e-02
    2.123362553494266e-02
    1.994971137468783e-02
    1.877664190977933e-02
    1.769369513526908e-02
    1.669510561230881e-02
    1.577301804095372e-02
    1.491544606850784e-02
    1.412370866477873e-02
    1.338168505538848e-02
    1.269672426764750e-02
    1.205052743760361e-02
    1.145388475942993e-02
    1.088799707761464e-02
    1.036505471577318e-02
    9.867083307621637e-03
    9.406151771303413e-03
    8.966062861797562e-03
    5.948603957600668e-02
    1.181112490600992e-01
    1.149971262580834e-01
    1.101571091726867e-01
    1.030358571525610e-01
    9.457548044772844e-02
    8.589847178548349e-02
    7.755782593606843e-02
    7.005951250423478e-02
    6.331273180203711e-02
    5.746262616104179e-02
    5.225363918339507e-02
    4.775769285540130e-02
    4.373097049879945e-02
    4.023793298661451e-02
    3.708047345931680e-02
    3.431930094746089e-02
    3.180223390563684e-02
    2.958073893795566e-02
    2.754262527120371e-02
    2.572617389118350e-02
    2.405273060431975e-02
    2.254611359491053e-02
    2.115515298235952e-02
    1.988994398997771e-02
    1.872123072446344e-02
    1.764736355643748e-02
    1.665591985748669e-02
    1.573609934502049e-02
    1.488776272123107e-02
    1.409371899642656e-02
    1.336214978337195e-02
    1.267209199046954e-02
    1.203671846034252e-02
    1.143357807890593e-02
    1.087815574109506e-02
    1.034835780580582e-02
    9.859937860965229e-03
    9.392530654094585e-03
    8.960706247216592e-03
    5.030139261128614e-02
    1.000741035250171e-01
    9.893784979979948e-02
    9.592482544904488e-02
    9.149846392179029e-02
    8.589847178548017e-02
    7.952210128542024e-02
    7.308728021177588e-02
    6.678979453292895e-02
    6.103936633142118e-02
    5.572408614933066e-02
    5.103757655083291e-02
    4.676973774221434e-02
    4.303852736593379e-02
    3.963943902117257e-02
    3.666224930900341e-02
    3.393728264495085e-02
    3.153582851879637e-02
    2.932707044134505e-02
    2.736447924887630e-02
    2.555293381591908e-02
    2.392812817716845e-02
    2.242557163150135e-02
    2.106433411544672e-02
    1.980511418619932e-02
    1.865257889657550e-02
    1.758730538200166e-02
    1.660242964805502e-02
    1.569346295012992e-02
    1.484511507140298e-02
    1.406340242572317e-02
    1.332761897251942e-02
    1.265047259518210e-02
    1.200853156470346e-02
    1.141805127904417e-02
    1.085510963025784e-02
    1.033704582579287e-02
    9.841168461178169e-03
    9.384088421167133e-03
    8.945550447330062e-03
    4.373200276347022e-02
    8.730379565966663e-02
    8.595882742956375e-02
    8.419649745313101e-02
    8.138604099825024e-02
    7.755782593608412e-02
    7.308728021178040e-02
    6.811774298281949e-02
    6.316186402569829e-02
    5.824907522010005e-02
    5.371774574978061e-02
    4.944380893014318e-02
    4.562603359097121e-02
    4.208684902377130e-02
    3.895707135765864e-02
    3.606656409882467e-02
    3.351039738916341e-02
    3.114746331372594e-02
    2.904760817187377e-02
    2.710304061574337e-02
    2.536199974737125e-02
    2.374793905327248e-02
    2.228983165841340e-02
    2.093809782314736e-02
    1.970506466754376e-02
    1.856318613215097e-02
    1.751121104378797e-02
    1.653869049322058e-02
    1.563408947860498e-02
    1.479944588166291e-02
    1.401618484599845e-02
    1.329473755588144e-02
    1.261245375486409e-02
    1.198469005011868e-02
    1.138725093443855e-02
    1.083762314993019e-02
    1.031207973584868e-02
    9.828111626542848e-03
    9.363937219021391e-03
    8.935552188104443e-03
    3.826111579253540e-02
    7.613472605060830e-02
    7.580639616774862e-02
    7.452499625058649e-02
    7.261337012410951e-02
    7.005951250423553e-02
    6.678979453292747e-02
    6.316186402570143e-02
    5.918716932916325e-02
    5.525892502281479e-02
    5.132791949131625e-02
    4.767693097998102e-02
    4.418036924876576e-02
    4.102386053876593e-02
    3.805653138722759e-02
    3.540521524654153e-02
    3.292978052628516e-02
    3.072001034344494e-02
    2.866127022205053e-02
    2.681596368162287e-02
    2.509820090375310e-02
    2.354789258493556e-02
    2.210609672046139e-02
    2.079380901001713e-02
    1.957521822441614e-02
    1.845582998060157e-02
    1.741847979486279e-02
    1.645665593397404e-02
    1.556733921483592e-02
    1.473540417914182e-02
    1.396780314833511e-02
    1.324395084722793e-02
    1.257711738424338e-02
    1.194400986162335e-02
    1.136118126400158e-02
    1.080488565109352e-02
    1.029257467929024e-02
    9.801768014491842e-03
    9.349064288063414e-03
    8.914441948172935e-03
    3.396391183442387e-02
    6.799159947257956e-02
    6.723985451944516e-02
    6.645341529136632e-02
    6.517164685075379e-02
    6.331273180202525e-02
    6.103936633141097e-02
    5.824907522009966e-02
    5.525892502281209e-02
    5.201405322900738e-02
    4.882868749082030e-02
    4.561914272139905e-02
    4.262246599798333e-02
    3.971955179508375e-02
    3.707534467826937e-02
    3.456271943647463e-02
    3.229622751368080e-02
    3.016207589177075e-02
    2.823945652193666e-02
    2.643740327919729e-02
    2.480819814007836e-02
    2.328562543063280e-02
    2.190034394092175e-02
    2.060903344303133e-02
    1.942487241599244e-02
    1.832393081944180e-02
    1.730567969381421e-02
    1.636152134318523e-02
    1.548078744343140e-02
    1.466618146426615e-02
    1.390019681235511e-02
    1.319315164294070e-02
    1.252362221045445e-02
    1.190637172383541e-02
    1.131850798540597e-02
    1.077666570507420e-02
    1.025841161726673e-02
    9.780288930613572e-03
    9.321725543428232e-03
    8.897789098483060e-03
    3.036230626191295e-02
    6.040319488754270e-02
    6.033686229743707e-02
    5.968621697580698e-02
    5.873049154500923e-02
    5.746262616105106e-02
    5.572408614933057e-02
    5.371774574977922e-02
    5.132791949131785e-02
    4.882868749081640e-02
    4.613533377923599e-02
    4.350405246960203e-02
    4.084023269338328e-02
    3.834182643859315e-02
    3.590130675249500e-02
    3.366041554220944e-02
    3.151378092744879e-02
    2.956006956231595e-02
    2.770859284455429e-02
    2.602575766216830e-02
    2.444126030690227e-02
    2.299653687006922e-02
    2.164240173251021e-02
    2.040055415566439e-02
    1.924093433467228e-02
    1.816978715448200e-02
    1.717293813480932e-02
    1.624498634225779e-02
    1.538400872131848e-02
    1.457640862798325e-02
    1.382897113210340e-02
    1.312296357149327e-02
    1.247069752678712e-02
    1.185090892926498e-02
    1.127875745116911e-02
    1.073255014452883e-02
    1.022817592122809e-02
    9.745100656479709e-03
    9.298381054251384e-03
    8.869736553362527e-03
    2.732742676456000e-02
    5.479459457537374e-02
    5.431242588094367e-02
    5.391017614643651e-02
    5.325024118847206e-02
    5.225363918339461e-02
    5.103757655083304e-02
    4.944380893014340e-02
    4.767693097997766e-02
    4.561914272140059e-02
    4.350405246960134e-02
    4.123773116034771e-02
    3.903038392578054e-02
    3.678928681573357e-02
    3.467828585530491e-02
    3.260415989358750e-02
    3.068546154335091e-02
    2.883672636833202e-02
    2.713980847358034e-02
    2.552411579661328e-02
    2.404294805938494e-02
    2.264365470602650e-02
    2.135726856111385e-02
    2.014889592594682e-02
    1.903224548265765e-02
    1.798809165120966e-02
    1.701697245835425e-02
    1.611235923035697e-02
    1.526525556354156e-02
    1.447862432168155e-02
    1.373712653358257e-02
    1.305016347026722e-02
    1.239878783873908e-02
    1.179615629771357e-02
    1.122196034949993e-02
    1.069090711916938e-02
    1.018307384471226e-02
    9.713025316349983e-03
    9.262485130684173e-03
    8.844678843836079e-03
    2.479948862339129e-02
    4.932678206398482e-02
    4.935032403248505e-02
    4.897911480751696e-02
    4.844404718912967e-02
    4.775769285540076e-02
    4.676973774221768e-02
    4.562603359096794e-02
    4.418036924876637e-02
    4.262246599798318e-02
    4.084023269338407e-02
    3.903038392578133e-02
    3.710144427319798e-02
    3.522543760614440e-02
    3.331831818224321e-02
    3.151400355087078e-02
    2.973455509540012e-02
    2.807670436057446e-02
    2.647292046497066e-02
    2.498886010830489e-02
    2.357115241570823e-02
    2.226077994478179e-02
    2.101983440704937e-02
    1.987005800037790e-02
    1.878819115269965e-02
    1.778126112855829e-02
    1.683855774805409e-02
    1.595625197993496e-02
    1.513350498147601e-02
    1.435896367321610e-02
    1.363888550797651e-02
    1.295724273420386e-02
    1.232481420741203e-02
    1.172326413055107e-02
    1.116568426146010e-02
    1.063331078236103e-02
    1.013978237329327e-02
    9.667312111099618e-03
    9.228776592942911e-03
    8.808327836421237e-03
    2.254288984074181e-02
    4.524230014520104e-02
    4.491235180210183e-02
    4.468534112996495e-02
    4.431318085382457e-02
    4.373097049879994e-02
    4.303852736593278e-02
    4.208684902377323e-02
    4.102386053876366e-02
    3.971955179508136e-02
    3.834182643859276e-02
    3.678928681573610e-02
    3.522543760614708e-02
    3.356758917817697e-02
    3.195531509171544e-02
    3.031647147105447e-02
    2.875882179010622e-02
    2.721945615623346e-02
    2.577538611451200e-02
    2.437487293118474e-02
    2.306886036096759e-02
    2.181844159009484e-02
    2.065369447223741e-02
    1.954871051814320e-02
    1.851739365590286e-02
    1.754564557627608e-02
    1.663524030248783e-02
    1.578187099796148e-02
    1.497864915157072e-02
    1.422869890015837e-02
    1.351942239947829e-02
    1.285902354918589e-02
    1.223166068071356e-02
    1.164849610420279e-02
    1.109243280449770e-02
    1.057582034390118e-02
    1.008183234838477e-02
    9.622633111996222e-03
    9.182758676300019e-03
    8.773212990676134e-03
    2.068570603641522e-02
    4.114428241016389e-02
    4.119165788395369e-02
    4.096310236892895e-02
    4.063771403777743e-02
    4.023793298661543e-02
    3.963943902117117e-02
    3.895707135765658e-02
    3.805653138722547e-02
    3.707534467826884e-02
    3.590130675249540e-02
    3.467828585530590e-02
    3.331831818224379e-02
    3.195531509171418e-02
    3.051841702242212e-02
    2.911941976878888e-02
    2.769912172878682e-02
    2.634267753371957e-02
    2.500113180585132e-02
    2.373424365206499e-02
    2.250381707760024e-02
    2.134801349693145e-02
    2.023977959729916e-02
    1.919999763160984e-02
    1.821223975230732e-02
    1.728413949762979e-02
    1.640853696414853e-02
    1.558335309315987e-02
    1.480883495595528e-02
    1.407621918760116e-02
    1.339113199909302e-02
    1.274066679706395e-02
    1.213388458128645e-02
    1.155580801250901e-02
    1.101722972613174e-02
    1.050272461427331e-02
    1.002343696257894e-02
    9.564694458972525e-03
    9.136962283434370e-03
    8.727137772843755e-03
    1.894557423430609e-02
    3.803757068715149e-02
    3.780773251243424e-02
    3.766899326216804e-02
    3.744391802244896e-02
    3.708047345931947e-02
    3.666224930900440e-02
    3.606656409882535e-02
    3.540521524653947e-02
    3.456271943647676e-02
    3.366041554221318e-02
    3.260415989358706e-02
    3.151400355086505e-02
    3.031647147105337e-02
    2.911941976878856e-02
    2.786479698689532e-02
    2.664070770930778e-02
    2.540058975749466e-02
    2.421035449273815e-02
    2.303342396326154e-02
    2.191490151883729e-02
    2.082786865788126e-02
    1.979980440801413e-02
    1.881308925366102e-02
    1.788119610792371e-02
    1.699492385239488e-02
    1.615716802849712e-02
    1.536577234138115e-02
    1.461608201159799e-02
    1.391133756068960e-02
    1.324191008743675e-02
    1.261474366245446e-02
    1.201736196571313e-02
    1.145884786750803e-02
    1.092557135316555e-02
    1.042742580294912e-02
    9.950913692282362e-03
    9.505698639140225e-03
    9.079329078523794e-03
    8.680495805537626e-03
    1.753243538182780e-02
    3.488096942146655e-02
    3.492456072667877e-02
    3.477690706707310e-02
    3.456693369019492e-02
    3.431930094746516e-02
    3.393728264494734e-02
    3.351039738916500e-02
    3.292978052628850e-02
    3.229622751368456e-02
    3.151378092745165e-02
    3.068546154335315e-02
    2.973455509540267e-02
    2.875882179010517e-02
    2.769912172878744e-02
    2.664070770930769e-02
    2.553802031215383e-02
    2.445917695101051e-02
    2.336915064743241e-02
    2.231778352825582e-02
    2.127903843765357e-02
    2.028592540927389e-02
    1.932061524117135e-02
    1.840198951714045e-02
    1.751967722665633e-02
    1.668145922288164e-02
    1.588340036932487e-02
    1.512505743514406e-02
    1.440764803260359e-02
    1.372504019450269e-02
    1.308220121098000e-02
    1.246944648601020e-02
    1.189412272980165e-02
    1.134472477386133e-02
    1.082975775413799e-02
    1.033724126178724e-02
    9.875837004960251e-03
    9.434077537120774e-03
    9.020027109750391e-03
    8.623400891748437e-03
    1.615455843046376e-02
    3.243305601019945e-02
    3.227556462762955e-02
    3.218448815731764e-02
    3.204038127359304e-02
    3.180223390563137e-02
    3.153582851879583e-02
    3.114746331372852e-02
    3.072001034344662e-02
    3.016207589177233e-02
    2.956006956231291e-02
    2.883672636833308e-02
    2.807670436057283e-02
    2.721945615623315e-02
    2.634267753372015e-02
    2.540058975749519e-02
    2.445917695101085e-02
    2.348427432630960e-02
    2.252740485797736e-02
    2.156353672162864e-02
    2.062938836247698e-02
    1.970755070227488e-02
    1.882135444020060e-02
    1.796002723426303e-02
    1.713580182557354e-02
    1.634363839731448e-02
    1.558718099886929e-02
    1.486610606112498e-02
    1.417784001852262e-02
    1.352564966287446e-02
    1.290281877201111e-02
    1.231505719044810e-02
    1.175323162296166e-02
    1.122442454499738e-02
    1.071845754377229e-02
    1.024286655636441e-02
    9.787465384786911e-03
    9.359517364994678e-03
    8.949562759266404e-03
    8.564071828015217e-03
    1.504806162325257e-02
    2.995318067583300e-02
    2.998191389788712e-02
    2.988387016209015e-02
    2.974261283138785e-02
    2.958073893795432e-02
    2.932707044134692e-02
    2.904760817187282e-02
    2.866127022205247e-02
    2.823945652193670e-02
    2.770859284455383e-02
    2.713980847358130e-02
    2.647292046497030e-02
    2.577538611451129e-02
    2.500113180585026e-02
    2.421035449273820e-02
    2.336915064743248e-02
    2.252740485797843e-02
    2.166082107310580e-02
    2.080741893343389e-02
    1.995043847688990e-02
    1.911615035253010e-02
    1.829391889319284e-02
    1.749958367012483e-02
    1.672761090397622e-02
    1.598532116553910e-02
    1.527137590689698e-02
    1.458662216554025e-02
    1.393299873808842e-02
    1.330679207475757e-02
    1.271228442885238e-02
    1.214285775289572e-02
    1.160423966360859e-02
    1.108826384960169e-02
    1.060130080617551e-02
    1.013469133972073e-02
    9.694786241866211e-03
    9.273208245177710e-03
    8.875787914785561e-03
    8.494955554416104e-03
    1.393549194847941e-02
    2.796762663782604e-02
    2.786490547389710e-02
    2.780097553297058e-02
    2.770402403568821e-02
    2.754262527120308e-02
    2.736447924887075e-02
    2.710304061574245e-02
    2.681596368162033e-02
    2.643740327919797e-02
    2.602575766216939e-02
    2.552411579661357e-02
    2.498886010830411e-02
    2.437487293118480e-02
    2.373424365206600e-02
    2.303342396326263e-02
    2.231778352825694e-02
    2.156353672162710e-02
    2.080741893343378e-02
    2.003329551363052e-02
    1.926845815594078e-02
    1.850268678235523e-02
    1.775417652735422e-02
    1.701736153311732e-02
    1.630250516883332e-02
    1.560774479111885e-02
    1.493697244118043e-02
    1.429121269901893e-02
    1.366961627221866e-02
    1.307532654646568e-02
    1.250425756743225e-02
    1.196093978314949e-02
    1.143933611473892e-02
    1.094469565064001e-02
    1.047006496042915e-02
    1.002083982010744e-02
    9.589937055708148e-03
    9.182447257479449e-03
    8.791716449373868e-03
    8.422207386004923e-03
    1.304772017649755e-02
    2.599012635258797e-02
    2.600092808074750e-02
    2.593505580999925e-02
    2.583731308622219e-02
    2.572617389118376e-02
    2.555293381591862e-02
    2.536199974737227e-02
    2.509820090375438e-02
    2.480819814007761e-02
    2.444126030690105e-02
    2.404294805938353e-02
    2.357115241570916e-02
    2.306886036096757e-02
    2.250381707760040e-02
    2.191490151883705e-02
    2.127903843765331e-02
    2.062938836247810e-02
    1.995043847689103e-02
    1.926845815594135e-02
    1.857375759809682e-02
    1.788534251860566e-02
    1.719790940676765e-02
    1.652362549725665e-02
    1.586050094369558e-02
    1.521484170423725e-02
    1.458715611753977e-02
    1.397912347901004e-02
    1.339307576691701e-02
    1.282732740388335e-02
    1.228543598815768e-02
    1.176349953562020e-02
    1.126576394482284e-02
    1.078707775363650e-02
    1.033190820647251e-02
    9.894618275923377e-03
    9.479515311314459e-03
    9.081042925627357e-03
    8.703063204261043e-03
    8.340488367760353e-03
    1.213618252373034e-02
    2.434125024035356e-02
    2.428046675404536e-02
    2.423277216765700e-02
    2.416454711023997e-02
    2.405273060431732e-02
    2.392812817716876e-02
    2.374793905327391e-02
    2.354789258493373e-02
    2.328562543063271e-02
    2.299653687006985e-02
    2.264365470602689e-02
    2.226077994478239e-02
    2.181844159009550e-02
    2.134801349693207e-02
    2.082786865788152e-02
    2.028592540927360e-02
    1.970755070227560e-02
    1.911615035252933e-02
    1.850268678235371e-02
    1.788534251860372e-02
    1.725926328401221e-02
    1.663726631005391e-02
    1.601752376366459e-02
    1.540789160012948e-02
    1.480870259606466e-02
    1.422362522762841e-02
    1.365450483854214e-02
    1.310176078372769e-02
    1.256823842503513e-02
    1.205204958954939e-02
    1.155661170613333e-02
    1.107857439821973e-02
    1.062156456488299e-02
    1.018147065732291e-02
    9.761830610057445e-03
    9.358314872021795e-03
    8.974142332356707e-03
    8.605157397319568e-03
    8.254100338055993e-03
    1.140858743777871e-02
    2.274516440238663e-02
    2.273904511387727e-02
    2.269481424432345e-02
    2.262596161838497e-02
    2.254611359490625e-02
    2.242557163150012e-02
    2.228983165841398e-02
    2.210609672046328e-02
    2.190034394092129e-02
    2.164240173251040e-02
    2.135726856111409e-02
    2.101983440705285e-02
    2.065369447223516e-02
    2.023977959729992e-02
    1.979980440801424e-02
    1.932061524117235e-02
    1.882135444020130e-02
    1.829391889319470e-02
    1.775417652735487e-02
    1.719790940676713e-02
    1.663726631005483e-02
    1.607079989402520e-02
    1.550689192962315e-02
    1.494597188551112e-02
    1.439297792362678e-02
    1.384956064108256e-02
    1.331778517815932e-02
    1.280005105759964e-02
    1.229622654541465e-02
    1.180910907797104e-02
    1.133704002461822e-02
    1.088294240462664e-02
    1.044422525470153e-02
    1.002372256069609e-02
    9.618397195115530e-03
    9.230829793759420e-03
    8.857906695802885e-03
    8.501839113513994e-03
    8.159696548069126e-03
    1.065348082027404e-02
    2.135021437257536e-02
    2.132109139240241e-02
    2.128365110460637e-02
    2.123362553494402e-02
    2.115515298235929e-02
    2.106433411544548e-02
    2.093809782314770e-02
    2.079380901001794e-02
    2.060903344302992e-02
    2.040055415566395e-02
    2.014889592594652e-02
    1.987005800037779e-02
    1.954871051814066e-02
    1.919999763161038e-02
    1.881308925366226e-02
    1.840198951714147e-02
    1.796002723426370e-02
    1.749958367012547e-02
    1.701736153311760e-02
    1.652362549725533e-02
    1.601752376366503e-02
    1.550689192962328e-02
    1.499248183548354e-02
    1.447966030570100e-02
    1.397013251479933e-02
    1.346700921375033e-02
    1.297249368186949e-02
    1.248782080056767e-02
    1.201538744275165e-02
    1.155500407042620e-02
    1.110905739425367e-02
    1.067637982792646e-02
    1.025920832562357e-02
    9.855791020222016e-03
    9.468118662308834e-03
    9.094173820017119e-03
    8.735637562995550e-03
    8.390465560245929e-03
    8.059993910028783e-03
    1.004590970832167e-02
    2.004809708346277e-02
    2.002809242777311e-02
    1.999870823852848e-02
    1.994971137468876e-02
    1.988994398997721e-02
    1.980511418620086e-02
    1.970506466754470e-02
    1.957521822441535e-02
    1.942487241599195e-02
    1.924093433467314e-02
    1.903224548265754e-02
    1.878819115270200e-02
    1.851739365590267e-02
    1.821223975230755e-02
    1.788119610792542e-02
    1.751967722665624e-02
    1.713580182557234e-02
    1.672761090397530e-02
    1.630250516883200e-02
    1.586050094369402e-02
    1.540789160012821e-02
    1.494597188551093e-02
    1.447966030570065e-02
    1.401093537333144e-02
    1.354325972157768e-02
    1.307886446139582e-02
    1.261984960522419e-02
    1.216842452450986e-02
    1.172553827987472e-02
    1.129322265961396e-02
    1.087154171630728e-02
    1.046227068137952e-02
    1.006485731628026e-02
    9.680786542402550e-03
    9.309128817533929e-03
    8.951070633844227e-03
    8.605498787668002e-03
    8.273308405280188e-03
    7.953347200282375e-03
    9.415019262992742e-03
    1.885125919937501e-02
    1.884520334447702e-02
    1.881468924259277e-02
    1.877664190977844e-02
    1.872123072446221e-02
    1.865257889657708e-02
    1.856318613214989e-02
    1.845582998060157e-02
    1.832393081944254e-02
    1.816978715448401e-02
    1.798809165121039e-02
    1.778126112855842e-02
    1.754564557627743e-02
    1.728413949763037e-02
    1.699492385239580e-02
    1.668145922288237e-02
    1.634363839731558e-02
    1.598532116553705e-02
    1.560774479111936e-02
    1.521484170423382e-02
    1.480870259606406e-02
    1.439297792362686e-02
    1.397013251479933e-02
    1.354325972157749e-02
    1.311482267486731e-02
    1.268721204905301e-02
    1.226264844727642e-02
    1.184279976527521e-02
    1.142952449671197e-02
    1.102383829830898e-02
    1.062720509189900e-02
    1.024010762473946e-02
    9.863634731339010e-03
    9.497869775890705e-03
    9.143571007232022e-03
    8.800547514171789e-03
    8.469279473136030e-03
    8.149406738554098e-03
    7.841182887192034e-03
    8.899337339544044e-03
    1.777790216793542e-02
    1.774787576576378e-02
    1.772872320807335e-02
    1.769369513526739e-02
    1.764736355643449e-02
    1.758730538200190e-02
    1.751121104379018e-02
    1.741847979486382e-02
    1.730567969381422e-02
    1.717293813480775e-02
    1.701697245835172e-02
    1.683855774805238e-02
    1.663524030248655e-02
    1.640853696414831e-02
    1.615716802849658e-02
    1.588340036932680e-02
    1.558718099886881e-02
    1.527137590689893e-02
    1.493697244118166e-02
    1.458715611754032e-02
    1.422362522762835e-02
    1.384956064108244e-02
    1.346700921375076e-02
    1.307886446139597e-02
    1.268721204905230e-02
    1.229446980357411e-02
    1.190254708419920e-02
    1.151330367534936e-02
    1.112835482835040e-02
    1.074900783616601e-02
    1.037654313496851e-02
    1.001177856084301e-02
    9.655669237842187e-03
    9.308634560104907e-03
    8.971340497343668e-03
    8.643904838275207e-03
    8.326750667188186e-03
    8.019783173500938e-03
    7.723229180217341e-03
    8.368561470966108e-03
    1.674062277168640e-02
    1.675039702867849e-02
    1.672494385348505e-02
    1.669510561230679e-02
    1.665591985748454e-02
    1.660242964805327e-02
    1.653869049322225e-02
    1.645665593397526e-02
    1.636152134318359e-02
    1.624498634225800e-02
    1.611235923035843e-02
    1.595625197993469e-02
    1.578187099796172e-02
    1.558335309316024e-02
    1.536577234137947e-02
    1.512505743514394e-02
    1.486610606112586e-02
    1.458662216554208e-02
    1.429121269901961e-02
    1.397912347901029e-02
    1.365450483854232e-02
    1.331778517815912e-02
    1.297249368186973e-02
    1.261984960522369e-02
    1.226264844727637e-02
    1.190254708419917e-02
    1.154157322256705e-02
    1.118154376023219e-02
    1.082376167206468e-02
    1.047000932642276e-02
    1.012096521204640e-02
    9.778255021245878e-03
    9.442063598039313e-03
    9.113792878209050e-03
    8.793271373465607e-03
    8.481648463933874e-03
    8.178522778744925e-03
    7.884787437081115e-03
    7.599916863881109e-03
    7.924738106194248e-03
    1.584634264360281e-02
    1.581025268361328e-02
    1.579808546218474e-02
    1.577301804095815e-02
    1.573609934501385e-02
    1.569346295013220e-02
    1.563408947860608e-02
    1.556733921483372e-02
    1.548078744342966e-02
    1.538400872131883e-02
    1.526525556354299e-02
    1.513350498147780e-02
    1.497864915157121e-02
    1.480883495595446e-02
    1.461608201160046e-02
    1.440764803260360e-02
    1.417784001852200e-02
    1.393299873808833e-02
    1.366961627221899e-02
    1.339307576691741e-02
    1.310176078372797e-02
    1.280005105759974e-02
    1.248782080056789e-02
    1.216842452450982e-02
    1.184279976527513e-02
    1.151330367534970e-02
    1.118154376023187e-02
    1.084896623275103e-02
    1.051752267682714e-02
    1.018788443587859e-02
    9.862098792172837e-03
    9.540228053648481e-03
    9.224239391845508e-03
    8.913759229050813e-03
    8.610559668671887e-03
    8.313992811005373e-03
    8.025568575581543e-03
    7.744502127165725e-03
    7.472010275247153e-03
    7.475496642364952e-03
    1.494124843860754e-02
    1.496085451415666e-02
    1.493940454534952e-02
    1.491544606850831e-02
    1.488776272123615e-02
    1.484511507140380e-02
    1.479944588166297e-02
    1.473540417914279e-02
    1.466618146426818e-02
    1.457640862798437e-02
    1.447862432168096e-02
    1.435896367321574e-02
    1.422869890015755e-02
    1.407621918760099e-02
    1.391133756069136e-02
    1.372504019450279e-02
    1.352564966287250e-02
    1.330679207475767e-02
    1.307532654646576e-02
    1.282732740388369e-02
    1.256823842503520e-02
    1.229622654541494e-02
    1.201538744275266e-02
    1.172553827987504e-02
    1.142952449671129e-02
    1.112835482834992e-02
    1.082376167206467e-02
    1.051752267682770e-02
    1.021043161306954e-02
    9.904678408219587e-03
    9.600317149847762e-03
    9.299670235862392e-03
    9.002257294562976e-03
    8.710328111447065e-03
    8.423061300566704e-03
    8.142494835205120e-03
    7.867634091830382e-03
    7.600220682246874e-03
    7.339220738978338e-03
    7.089089110157700e-03
    1.418769403973223e-02
    1.414914634677661e-02
    1.414163783100293e-02
    1.412370866477852e-02
    1.409371899642807e-02
    1.406340242572472e-02
    1.401618484600178e-02
    1.396780314833691e-02
    1.390019681235535e-02
    1.382897113210258e-02
    1.373712653358453e-02
    1.363888550797572e-02
    1.351942239947870e-02
    1.339113199909373e-02
    1.324191008743705e-02
    1.308220121097966e-02
    1.290281877201100e-02
    1.271228442885229e-02
    1.250425756743216e-02
    1.228543598815768e-02
    1.205204958954862e-02
    1.180910907797116e-02
    1.155500407042654e-02
    1.129322265961410e-02
    1.102383829830959e-02
    1.074900783616683e-02
    1.047000932642272e-02
    1.018788443587856e-02
    9.904678408219687e-03
    9.620550192331347e-03
    9.337942943794862e-03
    9.056368067532485e-03
    8.778375548259484e-03
    8.503051587575259e-03
    8.232838842094191e-03
    7.966594214914397e-03
    7.706508031054900e-03
    7.451368142053796e-03
    7.203026011500519e-03
    6.706707484888507e-03
    1.339468122406453e-02
    1.341930202155921e-02
    1.340123229708315e-02
    1.338168505538793e-02
    1.336214978336890e-02
    1.332761897251998e-02
    1.329473755588151e-02
    1.324395084722802e-02
    1.319315164294098e-02
    1.312296357149500e-02
    1.305016347026703e-02
    1.295724273420365e-02
    1.285902354918770e-02
    1.274066679706534e-02
    1.261474366245565e-02
    1.246944648601022e-02
    1.231505719044843e-02
    1.214285775289616e-02
    1.196093978314967e-02
    1.176349953562031e-02
    1.155661170613372e-02
    1.133704002461821e-02
    1.110905739425349e-02
    1.087154171630716e-02
    1.062720509189922e-02
    1.037654313496740e-02
    1.012096521204621e-02
    9.862098792173349e-03
    9.600317149848117e-03
    9.337942943794954e-03
    9.074577591877167e-03
    8.812873715171357e-03
    8.551909914407199e-03
    8.294383252768772e-03
    8.039071139649835e-03
    7.788507538882480e-03
    7.541353580779818e-03
    7.299842782711485e-03
    7.062663149398212e-03
    6.367179473821372e-03
    1.275207543910397e-02
    1.271407177566917e-02
    1.270954905121800e-02
    1.269672426764598e-02
    1.267209199046846e-02
    1.265047259518311e-02
    1.261245375486262e-02
    1.257711738424309e-02
    1.252362221045271e-02
    1.247069752678754e-02
    1.239878783873765e-02
    1.232481420741056e-02
    1.223166068071363e-02
    1.213388458128598e-02
    1.201736196571325e-02
    1.189412272980167e-02
    1.175323162296234e-02
    1.160423966360947e-02
    1.143933611473886e-02
    1.126576394482330e-02
    1.107857439821974e-02
    1.088294240462694e-02
    1.067637982792605e-02
    1.046227068137903e-02
    1.024010762473931e-02
    1.001177856084391e-02
    9.778255021244880e-03
    9.540228053649402e-03
    9.299670235862699e-03
    9.056368067532013e-03
    8.812873715171287e-03
    8.568343219557682e-03
    8.325561205593857e-03
    8.083298439684070e-03
    7.844305053123607e-03
    7.607174148897256e-03
    7.374431688556231e-03
    7.144657794144299e-03
    6.920033520120204e-03
    6.039855958228721e-03
    1.205576811994914e-02
    1.208170584412087e-02
    1.206661392135318e-02
    1.205052743760356e-02
    1.203671846034107e-02
    1.200853156470241e-02
    1.198469005011922e-02
    1.194400986162365e-02
    1.190637172383499e-02
    1.185090892926537e-02
    1.179615629771329e-02
    1.172326413055236e-02
    1.164849610420161e-02
    1.155580801250895e-02
    1.145884786750806e-02
    1.134472477386164e-02
    1.122442454499787e-02
    1.108826384960270e-02
    1.094469565063984e-02
    1.078707775363628e-02
    1.062156456488248e-02
    1.044422525470208e-02
    1.025920832562334e-02
    1.006485731628052e-02
    9.863634731338921e-03
    9.655669237842196e-03
    9.442063598039530e-03
    9.224239391845650e-03
    9.002257294562093e-03
    8.778375548258764e-03
    8.551909914407393e-03
    8.325561205594434e-03
    8.098166961477077e-03
    7.872552278953757e-03
    7.647304725195464e-03
    7.425134393294831e-03
    7.204563465586521e-03
    6.988022388441563e-03
    6.774106960042685e-03
    5.739419895198347e-03
    1.150098986640391e-02
    1.146581565394674e-02
    1.146308956660970e-02
    1.145388475943075e-02
    1.143357807890502e-02
    1.141805127904508e-02
    1.138725093444024e-02
    1.136118126400102e-02
    1.131850798540717e-02
    1.127875745117052e-02
    1.122196034949912e-02
    1.116568426145892e-02
    1.109243280449769e-02
    1.101722972613305e-02
    1.092557135316552e-02
    1.082975775413803e-02
    1.071845754377231e-02
    1.060130080617498e-02
    1.047006496042908e-02
    1.033190820647290e-02
    1.018147065732295e-02
    1.002372256069677e-02
    9.855791020222320e-03
    9.680786542402599e-03
    9.497869775889772e-03
    9.308634560104412e-03
    9.113792878208862e-03
    8.913759229050147e-03
    8.710328111446853e-03
    8.503051587575208e-03
    8.294383252769419e-03
    8.083298439683384e-03
    7.872552278953863e-03
    7.660790042685391e-03
    7.450786220433840e-03
    7.241058597945754e-03
    7.034194831371831e-03
    6.828741593882404e-03
    6.626963736173550e-03
    5.457547381162000e-03
    1.088909260077642e-02
    1.091367964362940e-02
    1.090126252605677e-02
    1.088799707761629e-02
    1.087815574109664e-02
    1.085510963025627e-02
    1.083762314993031e-02
    1.080488565109417e-02
    1.077666570507274e-02
    1.073255014452705e-02
    1.069090711916854e-02
    1.063331078236130e-02
    1.057582034390220e-02
    1.050272461427331e-02
    1.042742580294899e-02
    1.033724126178739e-02
    1.024286655636381e-02
    1.013469133972109e-02
    1.002083982010814e-02
    9.894618275923040e-03
    9.761830610057243e-03
    9.618397195115756e-03
    9.468118662308513e-03
    9.309128817533732e-03
    9.143571007232487e-03
    8.971340497342970e-03
    8.793271373464905e-03
    8.610559668672132e-03
    8.423061300566408e-03
    8.232838842095582e-03
    8.039071139650781e-03
    7.844305053123297e-03
    7.647304725195407e-03
    7.450786220433859e-03
    7.253317303617148e-03
    7.057541123933502e-03
    6.862001058058259e-03
    6.669096476739291e-03
    6.477472535841450e-03
    5.190351086842640e-03
    1.040426712941953e-02
    1.037347864524011e-02
    1.037172614358349e-02
    1.036505471577499e-02
    1.034835780580383e-02
    1.033704582579095e-02
    1.031207973584869e-02
    1.029257467929038e-02
    1.025841161726750e-02
    1.022817592122869e-02
    1.018307384471323e-02
    1.013978237329371e-02
    1.008183234838391e-02
    1.002343696258017e-02
    9.950913692282883e-03
    9.875837004961051e-03
    9.787465384786273e-03
    9.694786241865903e-03
    9.589937055708040e-03
    9.479515311314898e-03
    9.358314872021822e-03
    9.230829793758043e-03
    9.094173820017684e-03
    8.951070633844087e-03
    8.800547514172115e-03
    8.643904838274725e-03
    8.481648463935681e-03
    8.313992811005219e-03
    8.142494835203668e-03
    7.966594214914738e-03
    7.788507538883210e-03
    7.607174148896720e-03
    7.425134393294878e-03
    7.241058597946032e-03
    7.057541123933427e-03
    6.873168730267020e-03
    6.690388752767523e-03
    6.507844070467204e-03
    6.327699085774529e-03
    4.946056503112938e-03
    9.866513267347955e-03
    9.887993667347007e-03
    9.877983045186308e-03
    9.867083307619835e-03
    9.859937860965763e-03
    9.841168461178490e-03
    9.828111626541626e-03
    9.801768014489908e-03
    9.780288930613498e-03
    9.745100656480160e-03
    9.713025316350316e-03
    9.667312111100194e-03
    9.622633111996534e-03
    9.564694458972720e-03
    9.505698639140137e-03
    9.434077537121442e-03
    9.359517364995771e-03
    9.273208245177533e-03
    9.182447257479536e-03
    9.081042925626380e-03
    8.974142332357124e-03
    8.857906695803906e-03
    8.735637562994782e-03
    8.605498787667599e-03
    8.469279473135242e-03
    8.326750667188534e-03
    8.178522778745763e-03
    8.025568575581798e-03
    7.867634091829867e-03
    7.706508031055026e-03
    7.541353580779755e-03
    7.374431688556376e-03
    7.204563465586628e-03
    7.034194831372024e-03
    6.862001058058341e-03
    6.690388752767680e-03
    6.518038531969490e-03
    6.347156376034064e-03
    6.176536406816448e-03
    4.707605771673821e-03
    9.437924223436979e-03
    9.412403790953145e-03
    9.411080386318072e-03
    9.406151771299916e-03
    9.392530654094549e-03
    9.384088421168980e-03
    9.363937219018466e-03
    9.349064288063896e-03
    9.321725543428572e-03
    9.298381054252377e-03
    9.262485130683390e-03
    9.228776592943353e-03
    9.182758676299542e-03
    9.136962283435097e-03
    9.079329078523751e-03
    9.020027109750283e-03
    8.949562759266356e-03
    8.875787914785459e-03
    8.791716449374426e-03
    8.703063204261020e-03
    8.605157397319674e-03
    8.501839113515122e-03
    8.390465560245466e-03
    8.273308405280790e-03
    8.149406738553779e-03
    8.019783173500633e-03
    7.884787437082140e-03
    7.744502127164250e-03
    7.600220682247556e-03
    7.451368142053784e-03
    7.299842782711869e-03
    7.144657794144320e-03
    6.988022388441798e-03
    6.828741593882312e-03
    6.669096476739463e-03
    6.507844070467128e-03
    6.347156376034237e-03
    6.185860411925864e-03
    6.025894375619609e-03
    4.494423653553331e-03
    8.965423642113793e-03
    8.982812523442652e-03
    8.974944271753268e-03
    8.966062861796216e-03
    8.960706247214635e-03
    8.945550447329444e-03
    8.935552188105954e-03
    8.914441948171427e-03
    8.897789098485124e-03
    8.869736553362513e-03
    8.844678843836638e-03
    8.808327836421340e-03
    8.773212990676037e-03
    8.727137772843572e-03
    8.680495805537907e-03
    8.623400891748722e-03
    8.564071828015546e-03
    8.494955554416343e-03
    8.422207386004540e-03
    8.340488367760789e-03
    8.254100338055482e-03
    8.159696548070222e-03
    8.059993910028942e-03
    7.953347200283187e-03
    7.841182887190479e-03
    7.723229180216841e-03
    7.599916863881042e-03
    7.472010275245959e-03
    7.339220738978751e-03
    7.203026011500761e-03
    7.062663149398114e-03
    6.920033520120171e-03
    6.774106960042713e-03
    6.626963736173842e-03
    6.477472535841785e-03
    6.327699085774586e-03
    6.176536406816393e-03
    6.025894375619678e-03
    5.874777949712619e-03
