    0.000000000000000e+00
    0.000000000000000e+00
    0.000000000000000e+00
    0.000000000000000e+00
    0.000000000000000e+00
    0.000000000000000e+00
    0.000000000000000e+00
    0.000000000000000e+00
    0.000000000000000e+00
    0.000000000000000e+00
    0.000000000000000e+00
    0.000000000000000e+00
    0.000000000000000e+00
    0.000000000000000e+00
    0.000000000000000e+00
    0.000000000000000e+00
    0.000000000000000e+00
    0.000000000000000e+00
    0.000000000000000e+00
    0.000000000000000e+00
    0.000000000000000e+00
    0.000000000000000e+00
    0.000000000000000e+00
    0.000000000000000e+00
    0.000000000000000e+00
    0.000000000000000e+00
    0.000000000000000e+00
    0.000000000000000e+00
    0.000000000000000e+00
    0.000000000000000e+00
    0.000000000000000e+00
    0.000000000000000e+00
    0.000000000000000e+00
    0.000000000000000e+00
    0.000000000000000e+00
    0.000000000000000e+00
    0.000000000000000e+00
    0.000000000000000e+00
    0.000000000000000e+00
    0.000000000000000e+00
    0.000000000000000e+00
    5.124114677150327e-02
    2.748412441072816e-02
    2.167467088338366e-02
    1.205285935778749e-02
    1.092743558451693e-02
    6.699620483673584e-03
    6.464581950035995e-03
    4.329708049755324e-03
    4.166759569563499e-03
    3.091554361000267e-03
    2.822538389070205e-03
    2.365296366130883e-03
    1.973137027656217e-03
    1.897088206204490e-03
    1.411475226484732e-03
    1.568677088837312e-03
    1.031106383583428e-03
    1.320404559853092e-03
    7.712925682692158e-04
    1.120829437595418e-03
    5.942497861901449e-04
    9.531233698017902e-04
    4.747923617847346e-04
    8.083381026298069e-04
    3.952692850374736e-04
    6.818084973869093e-04
    3.429280614747508e-04
    5.711284408512714e-04
    3.084477971429559e-04
    4.749841283116908e-04
    2.850539633840008e-04
    3.924874704641163e-04
    2.679301214968593e-04
    3.228150682247310e-04
    2.537868521204485e-04
    2.650376154123069e-04
    2.405201194813563e-04
    2.180666607710377e-04
    2.269274489685562e-04
    0.000000000000000e+00
    2.748412441072108e-02
    3.787334505713149e-02
    2.989041757576286e-02
    2.368361024403483e-02
    1.759753532283675e-02
    1.420463277998415e-02
    1.103374786180382e-02
    9.225374531393517e-03
    7.471270466783489e-03
    6.390314467100530e-03
    5.365180312728085e-03
    4.641998937848641e-03
    4.026130071937515e-03
    3.495337787279411e-03
    3.123954617860092e-03
    2.707349760904482e-03
    2.487014447485986e-03
    2.146101699913906e-03
    2.019734094093157e-03
    1.734946147861646e-03
    1.665867028378519e-03
    1.426781347076285e-03
    1.390792154187973e-03
    1.191282564179003e-03
    1.172382200417905e-03
    1.008167486121915e-03
    9.960177137092873e-04
    8.634510999441087e-04
    8.517345033923906e-04
    7.472623002066856e-04
    7.325297112831876e-04
    6.525140714059252e-04
    6.333267086818566e-04
    5.740592086519083e-04
    5.503292016365650e-04
    5.081327381151247e-04
    4.806122911678190e-04
    4.519700438785161e-04
    4.218609647761088e-04
    0.000000000000000e+00
    2.167467088338006e-02
    2.989041757576087e-02
    3.170490458216678e-02
    2.726963837121268e-02
    2.300840401350066e-02
    1.859332984322327e-02
    1.550299659488764e-02
    1.272972661901534e-02
    1.078950832032812e-02
    9.082831863304315e-03
    7.819964316982189e-03
    6.741148246195763e-03
    5.869348137268058e-03
    5.168953940941340e-03
    4.533346829396236e-03
    4.069026566314290e-03
    3.584930838361664e-03
    3.271736936740285e-03
    2.891288596470431e-03
    2.676187298252141e-03
    2.371200095468247e-03
    2.219906675061961e-03
    1.972922059785602e-03
    1.862796889199644e-03
    1.662286098372602e-03
    1.578280915540464e-03
    1.416026369336393e-03
    1.348225250714402e-03
    1.217887998734480e-03
    1.159921324474592e-03
    1.056271378141301e-03
    1.004234747854119e-03
    9.227556597253011e-04
    8.744406478869443e-04
    8.111426544908434e-04
    7.654746287298606e-04
    7.168187046236265e-04
    6.734420987486093e-04
    6.363169342024754e-04
    0.000000000000000e+00
    1.205285935778523e-02
    2.368361024404280e-02
    2.726963837121452e-02
    2.735246231817544e-02
    2.444680823042051e-02
    2.142029059904981e-02
    1.817249456966024e-02
    1.560097624052383e-02
    1.326818235117566e-02
    1.145698185490743e-02
    9.885509449632197e-03
    8.620731474333487e-03
    7.558632992281256e-03
    6.650465455249829e-03
    5.920010316986687e-03
    5.245965779114982e-03
    4.733517088128213e-03
    4.218343028610514e-03
    3.851375121278226e-03
    3.448490203290287e-03
    3.179825348236919e-03
    2.859606368377305e-03
    2.657934489464121e-03
    2.400821345902999e-03
    2.245061820444324e-03
    2.037541272990203e-03
    1.913407902973260e-03
    1.745668139720200e-03
    1.643497222038191e-03
    1.508055242293010e-03
    1.421375454549966e-03
    1.312275765099750e-03
    1.236830432084554e-03
    1.149180391160489e-03
    1.082238799617101e-03
    1.011940829199132e-03
    9.518038681680521e-04
    8.954001623753177e-04
    8.410431176546692e-04
    0.000000000000000e+00
    1.092743558451888e-02
    1.759753532284072e-02
    2.300840401350506e-02
    2.444680823042339e-02
    2.401821445684669e-02
    2.194590743385456e-02
    1.969327708454471e-02
    1.724586157688301e-02
    1.514379839893751e-02
    1.320881508124872e-02
    1.159881703795692e-02
    1.019528919966809e-02
    9.004437403051903e-03
    8.000047575291823e-03
    7.112760003649242e-03
    6.388212260168323e-03
    5.714854498111308e-03
    5.184212696167548e-03
    4.663268382995659e-03
    4.267576675512016e-03
    3.857796873667279e-03
    3.556836502471193e-03
    3.230303739037804e-03
    2.996470324659191e-03
    2.733837391623432e-03
    2.548044125351675e-03
    2.335480983113846e-03
    2.184465434990568e-03
    2.011743754711679e-03
    1.886277471730664e-03
    1.745577054148681e-03
    1.639249726695590e-03
    1.524415476414940e-03
    1.432790483955054e-03
    1.338868285506966e-03
    1.258885144134263e-03
    1.181828834971900e-03
    1.111375355828100e-03
    1.047857241740073e-03
    0.000000000000000e+00
    6.699620483672125e-03
    1.420463277998672e-02
    1.859332984322057e-02
    2.142029059905525e-02
    2.194590743385686e-02
    2.136606702420841e-02
    1.980415068131822e-02
    1.806250240521434e-02
    1.616947635064311e-02
    1.444821603559262e-02
    1.284343870350648e-02
    1.144035463682565e-02
    1.020453371588547e-02
    9.116537603281193e-03
    8.188311680891912e-03
    7.350199377431949e-03
    6.653052025228582e-03
    6.002373015187261e-03
    5.473652614150586e-03
    4.962499907361115e-03
    4.555846597104985e-03
    4.149570152424686e-03
    3.831707730592666e-03
    3.505497679900940e-03
    3.252720315207555e-03
    2.988637086679668e-03
    2.784054197327333e-03
    2.568878002787624e-03
    2.400428496294190e-03
    2.224195337981414e-03
    2.083246896550434e-03
    1.938275192407271e-03
    1.818635636550700e-03
    1.698883560174317e-03
    1.596097482514900e-03
    1.496737237913387e-03
    1.407581391366629e-03
    1.324713520156917e-03
    1.246832939436195e-03
    0.000000000000000e+00
    6.464581950037284e-03
    1.103374786180174e-02
    1.550299659488743e-02
    1.817249456966066e-02
    1.969327708454334e-02
    1.980415068131617e-02
    1.920066776377413e-02
    1.797647181569628e-02
    1.658919197627376e-02
    1.508916949829475e-02
    1.366812618094551e-02
    1.232914631131516e-02
    1.111510974962814e-02
    1.003266437518630e-02
    9.054013220226597e-03
    8.206954927411598e-03
    7.430576587322837e-03
    6.772052614955633e-03
    6.156063173003728e-03
    5.641696972505706e-03
    5.149955980032529e-03
    4.744180402020671e-03
    4.348526489044061e-03
    4.024414678883902e-03
    3.703579504654872e-03
    3.441176735874273e-03
    3.179163326279277e-03
    2.963789400455403e-03
    2.748469139106597e-03
    2.569337918315032e-03
    2.391393398383318e-03
    2.240566697550450e-03
    2.092735852914715e-03
    1.964350119572127e-03
    1.840896378062593e-03
    1.730595452666156e-03
    1.626937349698002e-03
    1.531457190652932e-03
    1.443907110806607e-03
    0.000000000000000e+00
    4.329708049755797e-03
    9.225374531394560e-03
    1.272972661901221e-02
    1.560097624052108e-02
    1.724586157687991e-02
    1.806250240521385e-02
    1.797647181569722e-02
    1.739732533778564e-02
    1.640894130235936e-02
    1.527792582191598e-02
    1.406345094494004e-02
    1.287849912157898e-02
    1.175151383404415e-02
    1.070223171258038e-02
    9.754404910507336e-03
    8.881032455611258e-03
    8.113084760975430e-03
    7.402123952776433e-03
    6.787108486865005e-03
    6.211507119292854e-03
    5.718819569692599e-03
    5.251956418582245e-03
    4.854842885298496e-03
    4.474348871297886e-03
    4.151386761933948e-03
    3.839470911942707e-03
    3.574114739584134e-03
    3.316883993090939e-03
    3.096548065769761e-03
    2.883178426023472e-03
    2.698340666787153e-03
    2.520357349162272e-03
    2.363814277886967e-03
    2.214529736577651e-03
    2.080813699455625e-03
    1.954907111975701e-03
    1.839842502183768e-03
    1.733049668095471e-03
    1.633419426609028e-03
    0.000000000000000e+00
    4.166759569564206e-03
    7.471270466784899e-03
    1.078950832032865e-02
    1.326818235117518e-02
    1.514379839894006e-02
    1.616947635063891e-02
    1.658919197627363e-02
    1.640894130235721e-02
    1.587150607807514e-02
    1.505441646854382e-02
    1.411524843662611e-02
    1.311312065358534e-02
    1.211511132031158e-02
    1.115734499734358e-02
    1.024872987566945e-02
    9.416759749425097e-03
    8.640052546020745e-03
    7.945828720288723e-03
    7.299086463108199e-03
    6.728707611551463e-03
    6.195264991173278e-03
    5.728233373141321e-03
    5.288886097572499e-03
    4.905421580186835e-03
    4.542711672992394e-03
    4.225997333487554e-03
    3.925310468080462e-03
    3.661783212581668e-03
    3.411284681007213e-03
    3.190264236340354e-03
    2.980487158476470e-03
    2.793648984869177e-03
    2.617038980389285e-03
    2.457912865085057e-03
    2.308428629259883e-03
    2.171976705194680e-03
    2.044767592527984e-03
    1.927047631702531e-03
    1.818202134695097e-03
    0.000000000000000e+00
    3.091554361000246e-03
    6.390314467097890e-03
    9.082831863302736e-03
    1.145698185490641e-02
    1.320881508124826e-02
    1.444821603558923e-02
    1.508916949829572e-02
    1.527792582191444e-02
    1.505441646854284e-02
    1.456342629109033e-02
    1.387464782332700e-02
    1.308322157161191e-02
    1.224240088860115e-02
    1.139390589930502e-02
    1.057200301560891e-02
    9.782471896326805e-03
    9.049380798695396e-03
    8.359201118000151e-03
    7.732048783721569e-03
    7.145785859079746e-03
    6.619037389308371e-03
    6.127153745204384e-03
    5.687586232183644e-03
    5.276524661515098e-03
    4.909755982255421e-03
    4.566096335966392e-03
    4.259069527556330e-03
    3.970981058110465e-03
    3.712673639997549e-03
    3.470226728801415e-03
    3.251643616277413e-03
    3.046686424107699e-03
    2.860603017742832e-03
    2.686504946947511e-03
    2.527155534944963e-03
    2.378538409102820e-03
    2.241324991143147e-03
    2.113824528108522e-03
    1.995069799303946e-03
    0.000000000000000e+00
    2.822538389068677e-03
    5.365180312728616e-03
    7.819964316980564e-03
    9.885509449632918e-03
    1.159881703795883e-02
    1.284343870350662e-02
    1.366812618094474e-02
    1.406345094494066e-02
    1.411524843662855e-02
    1.387464782332775e-02
    1.342944118100771e-02
    1.283922950424975e-02
    1.216421689786265e-02
    1.144834384719291e-02
    1.072069551267062e-02
    1.000880277025003e-02
    9.319817240430298e-03
    8.670952334786677e-03
    8.057120633472688e-03
    7.490209345604861e-03
    6.959513341348955e-03
    6.474251775089325e-03
    6.021965878923572e-03
    5.610284863817034e-03
    5.227087403882107e-03
    4.878715041393351e-03
    4.554441002941230e-03
    4.259335650918409e-03
    3.984529504865361e-03
    3.733792448644946e-03
    3.500227626710404e-03
    3.286325010122241e-03
    3.087070141711614e-03
    2.903766357879734e-03
    2.733072693751151e-03
    2.575261878256971e-03
    2.428396043975659e-03
    2.291914090565404e-03
    2.164988932919382e-03
    0.000000000000000e+00
    2.365296366132108e-03
    4.641998937848300e-03
    6.741148246197405e-03
    8.620731474333150e-03
    1.019528919966556e-02
    1.144035463682829e-02
    1.232914631131502e-02
    1.287849912157968e-02
    1.311312065358437e-02
    1.308322157161004e-02
    1.283922950424704e-02
    1.243687668015629e-02
    1.192404617122803e-02
    1.134247024907892e-02
    1.072514366928887e-02
    1.009614805669632e-02
    9.474215008873464e-03
    8.870147746501971e-03
    8.293162397183926e-03
    7.746144730139745e-03
    7.232997989689727e-03
    6.752572258100780e-03
    6.306114806596897e-03
    5.890752604689149e-03
    5.506511131393605e-03
    5.150034627198738e-03
    4.820826189367884e-03
    4.515659764338856e-03
    4.233829090797519e-03
    3.972507343530963e-03
    3.730907187608865e-03
    3.506690142314551e-03
    3.299036304928802e-03
    3.106092666297129e-03
    2.927025844273816e-03
    2.760420957117191e-03
    2.605442683208260e-03
    2.461048148309083e-03
    2.326411950972728e-03
    0.000000000000000e+00
    1.973137027656658e-03
    4.026130071937893e-03
    5.869348137268251e-03
    7.558632992279880e-03
    9.004437403049048e-03
    1.020453371588490e-02
    1.111510974962930e-02
    1.175151383404558e-02
    1.211511132031277e-02
    1.224240088860003e-02
    1.216421689786100e-02
    1.192404617122805e-02
    1.156076251452319e-02
    1.110987952507016e-02
    1.060441406066464e-02
    1.006613474215923e-02
    9.518397892802129e-03
    8.970808172478870e-03
    8.438589592403607e-03
    7.923200668904245e-03
    7.434388053734878e-03
    6.969108312698719e-03
    6.533716836713853e-03
    6.123189964976304e-03
    5.741776270125813e-03
    5.383996171813944e-03
    5.052697075111553e-03
    4.742776466343228e-03
    4.456056273684915e-03
    4.188209791224327e-03
    3.940248322167235e-03
    3.708759460557920e-03
    3.494091770732695e-03
    3.293735063367912e-03
    3.107500438862630e-03
    2.933685397184043e-03
    2.771682735936871e-03
    2.620463375291772e-03
    2.479117511788072e-03
    0.000000000000000e+00
    1.897088206204318e-03
    3.495337787278120e-03
    5.168953940939964e-03
    6.650465455250015e-03
    8.000047575292291e-03
    9.116537603281401e-03
    1.003266437518575e-02
    1.070223171257749e-02
    1.115734499734406e-02
    1.139390589930482e-02
    1.144834384719379e-02
    1.134247024907976e-02
    1.110987952507042e-02
    1.078168272126157e-02
    1.038129575174559e-02
    9.938562486391815e-03
    9.464704675888141e-03
    8.984428814678924e-03
    8.498939650066208e-03
    8.027668354354797e-03
    7.565347472297733e-03
    7.127129163343295e-03
    6.704459393590189e-03
    6.309166390732822e-03
    5.931701477806243e-03
    5.581215728482678e-03
    5.248607894570642e-03
    4.940757571841704e-03
    4.649808348062357e-03
    4.380652264946269e-03
    4.127030614593005e-03
    3.892094240114029e-03
    3.671244953046244e-03
    3.466141888871493e-03
    3.273731100714761e-03
    3.094442859665493e-03
    2.926550261126045e-03
    2.769524576586244e-03
    2.622702563385444e-03
    0.000000000000000e+00
    1.411475226484739e-03
    3.123954617859266e-03
    4.533346829395550e-03
    5.920010316986278e-03
    7.112760003647686e-03
    8.188311680893874e-03
    9.054013220225705e-03
    9.754404910507239e-03
    1.024872987566931e-02
    1.057200301561040e-02
    1.072069551267092e-02
    1.072514366928751e-02
    1.060441406066473e-02
    1.038129575174727e-02
    1.008431488766073e-02
    9.725791456171608e-03
    9.335254467045638e-03
    8.914687614744446e-03
    8.490806867853948e-03
    8.057741011074418e-03
    7.638326053192590e-03
    7.221995695489957e-03
    6.827731786089851e-03
    6.443035183774268e-03
    6.083322288200540e-03
    5.736159441517568e-03
    5.413688819403331e-03
    5.104796243692599e-03
    4.818621443927145e-03
    4.546030877150279e-03
    4.293448053464629e-03
    4.053953420917177e-03
    3.831578566925409e-03
    3.621563626729856e-03
    3.425912193193894e-03
    3.241791382598233e-03
    3.069565910759680e-03
    2.908000799432655e-03
    2.756214516026532e-03
    0.000000000000000e+00
    1.568677088836554e-03
    2.707349760904696e-03
    4.069026566314833e-03
    5.245965779116094e-03
    6.388212260170128e-03
    7.350199377429835e-03
    8.206954927413827e-03
    8.881032455610944e-03
    9.416759749423138e-03
    9.782471896326875e-03
    1.000880277024692e-02
    1.009614805669815e-02
    1.006613474215961e-02
    9.938562486392990e-03
    9.725791456170996e-03
    9.456410257836216e-03
    9.133146299849402e-03
    8.786374447190524e-03
    8.410507142710579e-03
    8.034062833314853e-03
    7.645697070509425e-03
    7.270551441915094e-03
    6.894314667620969e-03
    6.538262772328001e-03
    6.187466079708614e-03
    5.859276818600443e-03
    5.539814938392706e-03
    5.242640045033446e-03
    4.955930686012517e-03
    4.689701484721137e-03
    4.434663560436830e-03
    4.197629016754645e-03
    3.971923401222351e-03
    3.761575662099177e-03
    3.562343981657030e-03
    3.375944953264085e-03
    3.200228774483475e-03
    3.035091257721539e-03
    2.880056201092163e-03
    0.000000000000000e+00
    1.031106383582343e-03
    2.487014447486070e-03
    3.584930838360005e-03
    4.733517088126840e-03
    5.714854498110801e-03
    6.653052025229821e-03
    7.430576587322887e-03
    8.113084760977940e-03
    8.640052546021052e-03
    9.049380798695703e-03
    9.319817240431173e-03
    9.474215008874177e-03
    9.518397892802500e-03
    9.464704675892088e-03
    9.335254467048172e-03
    9.133146299846772e-03
    8.888065040976393e-03
    8.594933065754259e-03
    8.285094951360646e-03
    7.947200080133599e-03
    7.610883734134803e-03
    7.260987430158781e-03
    6.923772863997903e-03
    6.582685238763577e-03
    6.259909377179952e-03
    5.939434449459763e-03
    5.639176059232353e-03
    5.344992545482724e-03
    5.070629036061522e-03
    4.804556246247574e-03
    4.556637499361784e-03
    4.318227299254587e-03
    4.095729357580786e-03
    3.883309243655350e-03
    3.684422057584908e-03
    3.495745305244262e-03
    3.318342849032883e-03
    3.150976578482071e-03
    2.992883074097689e-03
    0.000000000000000e+00
    1.320404559852683e-03
    2.146101699913322e-03
    3.271736936738531e-03
    4.218343028609408e-03
    5.184212696167772e-03
    6.002373015187894e-03
    6.772052614955617e-03
    7.402123952776226e-03
    7.945828720288855e-03
    8.359201117997520e-03
    8.670952334787993e-03
    8.870147746502542e-03
    8.970808172478029e-03
    8.984428814679866e-03
    8.914687614742772e-03
    8.786374447189313e-03
    8.594933065754620e-03
    8.371189281054951e-03
    8.104145492666153e-03
    7.825654326305224e-03
    7.520386124720205e-03
    7.218199855308081e-03
    6.901687181449021e-03
    6.597103734536451e-03
    6.286986943700187e-03
    5.993262794830551e-03
    5.699959066905241e-03
    5.424479963156152e-03
    5.153334129042354e-03
    4.899545977200732e-03
    4.652588012234489e-03
    4.421465849646041e-03
    4.198693776296726e-03
    3.989762170418068e-03
    3.790015586280345e-03
    3.602015102550866e-03
    3.423541508357205e-03
    3.254843535320134e-03
    3.095650834423300e-03
    0.000000000000000e+00
    7.712925682694360e-04
    2.019734094092794e-03
    2.891288596470132e-03
    3.851375121276809e-03
    4.663268382995686e-03
    5.473652614150303e-03
    6.156063173002882e-03
    6.787108486864273e-03
    7.299086463107960e-03
    7.732048783721959e-03
    8.057120633473223e-03
    8.293162397184963e-03
    8.438589592404100e-03
    8.498939650066019e-03
    8.490806867851454e-03
    8.410507142710954e-03
    8.285094951362685e-03
    8.104145492666616e-03
    7.899112933453200e-03
    7.654913770295280e-03
    7.403170619296078e-03
    7.126215560660674e-03
    6.853215009545865e-03
    6.565883162769650e-03
    6.289495707758281e-03
    6.006788467826296e-03
    5.738511911588231e-03
    5.469595618016810e-03
    5.216149793113785e-03
    4.965978188876655e-03
    4.730773166219259e-03
    4.501459126816839e-03
    4.285750781869732e-03
    4.077602341742461e-03
    3.881322949989971e-03
    3.693573126128704e-03
    3.515893283511150e-03
    3.347189712203646e-03
    3.186881548645561e-03
    0.000000000000000e+00
    1.120829437596497e-03
    1.734946147861953e-03
    2.676187298251556e-03
    3.448490203290861e-03
    4.267576675511596e-03
    4.962499907361425e-03
    5.641696972506442e-03
    6.211507119293737e-03
    6.728707611551614e-03
    7.145785859079616e-03
    7.490209345605281e-03
    7.746144730140645e-03
    7.923200668901963e-03
    8.027668354355730e-03
    8.057741011071323e-03
    8.034062833314351e-03
    7.947200080134498e-03
    7.825654326308221e-03
    7.654913770295904e-03
    7.466289237917515e-03
    7.242285347214746e-03
    7.013488058167773e-03
    6.761310816241558e-03
    6.513406705646758e-03
    6.251739168703772e-03
    5.999833628339057e-03
    5.741474240105199e-03
    5.495576380926802e-03
    5.248578598206417e-03
    5.014783954230435e-03
    4.783692175782236e-03
    4.565306736397936e-03
    4.352233569122761e-03
    4.150686503251276e-03
    3.956151509026275e-03
    3.771672156745425e-03
    3.595210789440416e-03
    3.427301709447678e-03
    3.267886295116304e-03
    0.000000000000000e+00
    5.942497861905703e-04
    1.665867028378267e-03
    2.371200095468930e-03
    3.179825348236564e-03
    3.857796873666007e-03
    4.555846597104501e-03
    5.149955980032084e-03
    5.718819569692118e-03
    6.195264991173370e-03
    6.619037389307813e-03
    6.959513341348860e-03
    7.232997989688712e-03
    7.434388053736161e-03
    7.565347472298091e-03
    7.638326053191654e-03
    7.645697070510959e-03
    7.610883734132971e-03
    7.520386124721345e-03
    7.403170619296051e-03
    7.242285347214515e-03
    7.068068392326051e-03
    6.862054591970842e-03
    6.653051365154070e-03
    6.422709308521071e-03
    6.196511193551147e-03
    5.957530158633436e-03
    5.726993614754006e-03
    5.490328440483000e-03
    5.264198428259270e-03
    5.036921989235207e-03
    4.820716989347545e-03
    4.606970346611738e-03
    4.403848809642058e-03
    4.205692237327509e-03
    4.017176813066568e-03
    3.835270631090167e-03
    3.661801239496271e-03
    3.495913543752428e-03
    3.337245573802359e-03
    0.000000000000000e+00
    9.531233698019934e-04
    1.426781347076457e-03
    2.219906675062088e-03
    2.859606368377866e-03
    3.556836502471125e-03
    4.149570152426575e-03
    4.744180402020654e-03
    5.251956418582845e-03
    5.728233373141411e-03
    6.127153745204261e-03
    6.474251775090215e-03
    6.752572258100818e-03
    6.969108312698495e-03
    7.127129163343604e-03
    7.221995695490389e-03
    7.270551441915301e-03
    7.260987430158082e-03
    7.218199855308268e-03
    7.126215560660954e-03
    7.013488058167892e-03
    6.862054591971105e-03
    6.700522888047185e-03
    6.510629197783674e-03
    6.318803211373943e-03
    6.107810783374948e-03
    5.900501778762858e-03
    5.681657643185430e-03
    5.469877761646506e-03
    5.252590388656062e-03
    5.044006417131969e-03
    4.834490758926059e-03
    4.634092130085748e-03
    4.436106263337574e-03
    4.246877602779092e-03
    4.062398753808532e-03
    3.885897451145559e-03
    3.715676112612040e-03
    3.552485556957703e-03
    3.396468744251620e-03
    0.000000000000000e+00
    4.747923617850737e-04
    1.390792154187812e-03
    1.972922059785923e-03
    2.657934489463915e-03
    3.230303739037812e-03
    3.831707730592307e-03
    4.348526489043394e-03
    4.854842885299213e-03
    5.288886097573381e-03
    5.687586232183508e-03
    6.021965878923552e-03
    6.306114806596159e-03
    6.533716836714065e-03
    6.704459393590394e-03
    6.827731786090054e-03
    6.894314667621176e-03
    6.923772863998395e-03
    6.901687181449232e-03
    6.853215009545303e-03
    6.761310816241587e-03
    6.653051365153478e-03
    6.510629197782910e-03
    6.360311389598451e-03
    6.184924403993549e-03
    6.008100653567180e-03
    5.814330245671416e-03
    5.623565044053877e-03
    5.422653724663484e-03
    5.227434039192762e-03
    5.027490583200861e-03
    4.834558981414327e-03
    4.641051596576305e-03
    4.454914750008641e-03
    4.271246572430592e-03
    4.094701010277891e-03
    3.922749847095145e-03
    3.757345083128473e-03
    3.597915560037093e-03
    3.444326890415669e-03
    0.000000000000000e+00
    8.083381026300282e-04
    1.191282564178973e-03
    1.862796889199250e-03
    2.400821345903111e-03
    2.996470324659559e-03
    3.505497679900229e-03
    4.024414678883760e-03
    4.474348871296557e-03
    4.905421580187886e-03
    5.276524661515005e-03
    5.610284863816892e-03
    5.890752604689009e-03
    6.123189964976655e-03
    6.309166390733078e-03
    6.443035183773540e-03
    6.538262772328354e-03
    6.582685238763365e-03
    6.597103734536107e-03
    6.565883162769393e-03
    6.513406705646533e-03
    6.422709308521321e-03
    6.318803211374575e-03
    6.184924403994539e-03
    6.044571759510805e-03
    5.882278432327756e-03
    5.718647035327327e-03
    5.540256556550997e-03
    5.364077457019382e-03
    5.179178423211289e-03
    4.998666867989833e-03
    4.814273610329051e-03
    4.635375705152687e-03
    4.456308810973346e-03
    4.283091934735566e-03
    4.112430926362667e-03
    3.947497730803941e-03
    3.787013989112539e-03
    3.631875903473728e-03
    3.482402524099697e-03
    0.000000000000000e+00
    3.952692850378958e-04
    1.172382200418070e-03
    1.662286098372139e-03
    2.245061820444168e-03
    2.733837391623861e-03
    3.252720315206462e-03
    3.703579504655273e-03
    4.151386761933874e-03
    4.542711672993287e-03
    4.909755982255846e-03
    5.227087403881588e-03
    5.506511131394342e-03
    5.741776270125773e-03
    5.931701477805984e-03
    6.083322288200990e-03
    6.187466079709713e-03
    6.259909377179660e-03
    6.286986943701163e-03
    6.289495707758265e-03
    6.251739168703808e-03
    6.196511193551023e-03
    6.107810783374874e-03
    6.008100653567832e-03
    5.882278432327761e-03
    5.750836378678409e-03
    5.600384236348968e-03
    5.448436441180278e-03
    5.283816322524546e-03
    5.120583597173484e-03
    4.950013179778956e-03
    4.782641873442368e-03
    4.612212138219660e-03
    4.445958434258819e-03
    4.279929598840661e-03
    4.118461888713397e-03
    3.959621627025893e-03
    3.805348944806143e-03
    3.655361080776416e-03
    3.509736131503578e-03
    0.000000000000000e+00
    6.818084973869761e-04
    1.008167486122361e-03
    1.578280915540110e-03
    2.037541272989920e-03
    2.548044125351751e-03
    2.988637086680903e-03
    3.441176735874461e-03
    3.839470911942445e-03
    4.225997333486919e-03
    4.566096335966852e-03
    4.878715041393901e-03
    5.150034627198259e-03
    5.383996171813309e-03
    5.581215728483163e-03
    5.736159441517654e-03
    5.859276818600972e-03
    5.939434449459658e-03
    5.993262794829952e-03
    6.006788467825878e-03
    5.999833628338336e-03
    5.957530158633380e-03
    5.900501778762921e-03
    5.814330245670975e-03
    5.718647035327130e-03
    5.600384236348153e-03
    5.476964688912018e-03
    5.337233910071258e-03
    5.195708318798253e-03
    5.043442534976927e-03
    4.891776523762500e-03
    4.734052349734689e-03
    4.578487057350372e-03
    4.420614881453912e-03
    4.265806021790149e-03
    4.111561692508464e-03
    3.960815845533493e-03
    3.812725637763126e-03
    3.668262777508405e-03
    3.527885310168596e-03
    0.000000000000000e+00
    3.429280614749630e-04
    9.960177137093239e-04
    1.416026369336625e-03
    1.913407902973136e-03
    2.335480983113229e-03
    2.784054197326933e-03
    3.179163326279219e-03
    3.574114739584796e-03
    3.925310468079513e-03
    4.259069527556276e-03
    4.554441002941414e-03
    4.820826189367952e-03
    5.052697075112616e-03
    5.248607894570602e-03
    5.413688819403026e-03
    5.539814938393586e-03
    5.639176059232250e-03
    5.699959066904966e-03
    5.738511911588461e-03
    5.741474240105104e-03
    5.726993614753598e-03
    5.681657643184871e-03
    5.623565044054901e-03
    5.540256556550557e-03
    5.448436441181048e-03
    5.337233910070906e-03
    5.221089145587251e-03
    5.091073018967655e-03
    4.958910325278363e-03
    4.817747391766271e-03
    4.676480405817173e-03
    4.530293826606452e-03
    4.385391809743597e-03
    4.238830523508915e-03
    4.094424438472695e-03
    3.950845549842747e-03
    3.809914406003824e-03
    3.671610927311228e-03
    3.536193217655836e-03
    0.000000000000000e+00
    5.711284408512184e-04
    8.634510999438064e-04
    1.348225250714682e-03
    1.745668139720239e-03
    2.184465434990288e-03
    2.568878002788037e-03
    2.963789400455157e-03
    3.316883993090920e-03
    3.661783212582100e-03
    3.970981058109503e-03
    4.259335650919253e-03
    4.515659764338860e-03
    4.742776466342634e-03
    4.940757571841333e-03
    5.104796243692060e-03
    5.242640045033156e-03
    5.344992545482467e-03
    5.424479963156266e-03
    5.469595618016601e-03
    5.495576380927210e-03
    5.490328440483644e-03
    5.469877761646617e-03
    5.422653724663061e-03
    5.364077457018499e-03
    5.283816322523323e-03
    5.195708318798256e-03
    5.091073018966445e-03
    4.981571677361179e-03
    4.860362792166411e-03
    4.736667816890153e-03
    4.605498767511369e-03
    4.473635321993197e-03
    4.337829507868827e-03
    4.202604659307738e-03
    4.066248974433013e-03
    3.931333587640185e-03
    3.797422647762070e-03
    3.665499702467876e-03
    3.536118604662863e-03
    0.000000000000000e+00
    3.084477971431036e-04
    8.517345033920949e-04
    1.217887998734678e-03
    1.643497222038025e-03
    2.011743754711601e-03
    2.400428496293888e-03
    2.748469139106421e-03
    3.096548065769739e-03
    3.411284681007961e-03
    3.712673639997874e-03
    3.984529504866025e-03
    4.233829090797682e-03
    4.456056273685358e-03
    4.649808348062583e-03
    4.818621443927864e-03
    4.955930686012320e-03
    5.070629036061844e-03
    5.153334129042390e-03
    5.216149793113392e-03
    5.248578598205882e-03
    5.264198428258871e-03
    5.252590388655946e-03
    5.227434039192194e-03
    5.179178423211007e-03
    5.120583597173419e-03
    5.043442534976583e-03
    4.958910325279097e-03
    4.860362792166570e-03
    4.756968418348897e-03
    4.643748613114729e-03
    4.527758698816533e-03
    4.405599856750052e-03
    4.282284033212101e-03
    4.155836040028875e-03
    4.029430324500781e-03
    3.902300919009108e-03
    3.776071759890575e-03
    3.650941008408448e-03
    3.527304414302652e-03
    0.000000000000000e+00
    4.749841283113280e-04
    7.472623002066811e-04
    1.159921324474338e-03
    1.508055242293105e-03
    1.886277471731297e-03
    2.224195337981908e-03
    2.569337918315543e-03
    2.883178426022861e-03
    3.190264236340085e-03
    3.470226728801225e-03
    3.733792448644969e-03
    3.972507343530745e-03
    4.188209791224218e-03
    4.380652264946356e-03
    4.546030877149404e-03
    4.689701484722206e-03
    4.804556246247494e-03
    4.899545977200729e-03
    4.965978188876504e-03
    5.014783954229557e-03
    5.036921989235554e-03
    5.044006417131880e-03
    5.027490583201087e-03
    4.998666867990197e-03
    4.950013179779674e-03
    4.891776523762242e-03
    4.817747391765602e-03
    4.736667816889875e-03
    4.643748613114083e-03
    4.546000977027782e-03
    4.440033613311902e-03
    4.331092595435494e-03
    4.217071575012907e-03
    4.101560491853307e-03
    3.983566101510771e-03
    3.865226413011189e-03
    3.746456316511719e-03
    3.628198386117070e-03
    3.511058773911257e-03
    0.000000000000000e+00
    2.850539633840243e-04
    7.325297112835201e-04
    1.056271378141592e-03
    1.421375454549966e-03
    1.745577054148877e-03
    2.083246896550450e-03
    2.391393398384191e-03
    2.698340666787322e-03
    2.980487158477004e-03
    3.251643616277224e-03
    3.500227626710130e-03
    3.730907187608310e-03
    3.940248322166889e-03
    4.127030614592600e-03
    4.293448053465175e-03
    4.434663560436899e-03
    4.556637499362443e-03
    4.652588012234535e-03
    4.730773166219521e-03
    4.783692175783100e-03
    4.820716989347166e-03
    4.834490758925724e-03
    4.834558981414392e-03
    4.814273610328823e-03
    4.782641873442166e-03
    4.734052349734675e-03
    4.676480405817894e-03
    4.605498767511309e-03
    4.527758698815829e-03
    4.440033613311559e-03
    4.347532885069374e-03
    4.248156445241686e-03
    4.145693501295230e-03
    4.039037358382097e-03
    3.930679847799572e-03
    3.820340363917621e-03
    3.709399982183715e-03
    3.598222305680200e-03
    3.487295558470586e-03
    0.000000000000000e+00
    3.924874704639476e-04
    6.525140714057024e-04
    1.004234747854278e-03
    1.312275765099632e-03
    1.639249726695416e-03
    1.938275192406815e-03
    2.240566697551078e-03
    2.520357349162102e-03
    2.793648984868697e-03
    3.046686424106973e-03
    3.286325010122223e-03
    3.506690142314676e-03
    3.708759460558061e-03
    3.892094240113099e-03
    4.053953420917323e-03
    4.197629016754572e-03
    4.318227299254227e-03
    4.421465849646103e-03
    4.501459126816301e-03
    4.565306736397480e-03
    4.606970346611922e-03
    4.634092130085522e-03
    4.641051596576995e-03
    4.635375705153219e-03
    4.612212138220005e-03
    4.578487057350139e-03
    4.530293826606219e-03
    4.473635321993107e-03
    4.405599856750967e-03
    4.331092595435711e-03
    4.248156445241963e-03
    4.160550161391227e-03
    4.067172510881408e-03
    3.970685237114762e-03
    3.870710050436756e-03
    3.768929729103483e-03
    3.665540194015637e-03
    3.561404089366157e-03
    3.457140821347383e-03
    0.000000000000000e+00
    2.679301214970211e-04
    6.333267086817151e-04
    9.227556597255047e-04
    1.236830432084692e-03
    1.524415476415187e-03
    1.818635636550190e-03
    2.092735852914576e-03
    2.363814277886185e-03
    2.617038980389485e-03
    2.860603017742654e-03
    3.087070141711170e-03
    3.299036304928847e-03
    3.494091770732731e-03
    3.671244953045796e-03
    3.831578566925944e-03
    3.971923401222208e-03
    4.095729357580924e-03
    4.198693776296282e-03
    4.285750781868844e-03
    4.352233569123402e-03
    4.403848809642632e-03
    4.436106263337362e-03
    4.454914750007560e-03
    4.456308810973404e-03
    4.445958434259037e-03
    4.420614881453807e-03
    4.385391809744273e-03
    4.337829507868463e-03
    4.282284033211592e-03
    4.217071575013111e-03
    4.145693501294529e-03
    4.067172510881357e-03
    3.984145154250079e-03
    3.896238070975736e-03
    3.805279169627446e-03
    3.711380604955819e-03
    3.615662600995694e-03
    3.518601106724378e-03
    3.420734409817315e-03
    0.000000000000000e+00
    3.228150682248788e-04
    5.740592086521443e-04
    8.744406478868957e-04
    1.149180391160151e-03
    1.432790483955005e-03
    1.698883560174579e-03
    1.964350119571655e-03
    2.214529736577947e-03
    2.457912865084961e-03
    2.686504946947815e-03
    2.903766357879717e-03
    3.106092666297313e-03
    3.293735063368044e-03
    3.466141888871470e-03
    3.621563626729669e-03
    3.761575662099215e-03
    3.883309243655690e-03
    3.989762170417773e-03
    4.077602341742005e-03
    4.150686503250912e-03
    4.205692237327479e-03
    4.246877602778806e-03
    4.271246572430590e-03
    4.283091934735116e-03
    4.279929598840348e-03
    4.265806021791258e-03
    4.238830523508933e-03
    4.202604659308017e-03
    4.155836040029054e-03
    4.101560491853089e-03
    4.039037358382091e-03
    3.970685237114275e-03
    3.896238070975679e-03
    3.817503003031961e-03
    3.734596771088387e-03
    3.648763764215396e-03
    3.560408366392518e-03
    3.470289036365275e-03
    3.379006945294874e-03
    0.000000000000000e+00
    2.537868521204288e-04
    5.503292016365041e-04
    8.111426544907308e-04
    1.082238799617221e-03
    1.338868285507031e-03
    1.596097482514608e-03
    1.840896378062944e-03
    2.080813699455578e-03
    2.308428629259960e-03
    2.527155534945117e-03
    2.733072693751463e-03
    2.927025844273902e-03
    3.107500438862527e-03
    3.273731100714921e-03
    3.425912193193968e-03
    3.562343981657252e-03
    3.684422057585571e-03
    3.790015586279905e-03
    3.881322949989726e-03
    3.956151509026497e-03
    4.017176813066460e-03
    4.062398753809027e-03
    4.094701010277798e-03
    4.112430926363294e-03
    4.118461888713496e-03
    4.111561692508789e-03
    4.094424438472598e-03
    4.066248974433121e-03
    4.029430324499931e-03
    3.983566101510403e-03
    3.930679847798750e-03
    3.870710050436568e-03
    3.805279169627238e-03
    3.734596771088574e-03
    3.659890202890017e-03
    3.581568204199848e-03
    3.500495628770502e-03
    3.417212717692285e-03
    3.332271759545302e-03
    0.000000000000000e+00
    2.650376154124190e-04
    5.081327381151276e-04
    7.654746287300351e-04
    1.011940829199011e-03
    1.258885144134135e-03
    1.496737237913383e-03
    1.730595452666302e-03
    1.954907111974760e-03
    2.171976705194447e-03
    2.378538409102743e-03
    2.575261878256692e-03
    2.760420957117090e-03
    2.933685397183720e-03
    3.094442859665415e-03
    3.241791382598190e-03
    3.375944953264242e-03
    3.495745305243812e-03
    3.602015102550555e-03
    3.693573126129786e-03
    3.771672156745148e-03
    3.835270631089756e-03
    3.885897451145990e-03
    3.922749847094880e-03
    3.947497730803018e-03
    3.959621627025246e-03
    3.960815845533477e-03
    3.950845549842721e-03
    3.931333587640385e-03
    3.902300919009260e-03
    3.865226413011566e-03
    3.820340363918208e-03
    3.768929729103199e-03
    3.711380604956077e-03
    3.648763764215367e-03
    3.581568204199957e-03
    3.510644867290043e-03
    3.436538193773211e-03
    3.359891779519302e-03
    3.281265909108464e-03
    0.000000000000000e+00
    2.405201194814682e-04
    4.806122911677838e-04
    7.168187046234783e-04
    9.518038681679506e-04
    1.181828834971911e-03
    1.407581391366807e-03
    1.626937349697871e-03
    1.839842502183750e-03
    2.044767592527342e-03
    2.241324991142990e-03
    2.428396043975269e-03
    2.605442683208563e-03
    2.771682735937279e-03
    2.926550261125789e-03
    3.069565910759782e-03
    3.200228774483468e-03
    3.318342849032553e-03
    3.423541508357367e-03
    3.515893283510916e-03
    3.595210789440450e-03
    3.661801239496046e-03
    3.715676112612338e-03
    3.757345083128216e-03
    3.787013989112213e-03
    3.805348944806475e-03
    3.812725637763153e-03
    3.809914406004404e-03
    3.797422647762142e-03
    3.776071759890566e-03
    3.746456316511191e-03
    3.709399982183561e-03
    3.665540194015552e-03
    3.615662600995546e-03
    3.560408366392707e-03
    3.500495628770556e-03
    3.436538193773052e-03
    3.369168371783917e-03
    3.298950531465921e-03
    3.226422917294264e-03
    0.000000000000000e+00
    2.180666607707805e-04
    4.519700438785047e-04
    6.734420987488704e-04
    8.954001623749994e-04
    1.111375355828129e-03
    1.324713520156701e-03
    1.531457190652870e-03
    1.733049668095785e-03
    1.927047631702454e-03
    2.113824528108428e-03
    2.291914090565008e-03
    2.461048148308534e-03
    2.620463375291568e-03
    2.769524576585975e-03
    2.908000799432913e-03
    3.035091257721637e-03
    3.150976578482179e-03
    3.254843535319463e-03
    3.347189712203825e-03
    3.427301709447605e-03
    3.495913543752539e-03
    3.552485556957973e-03
    3.597915560037521e-03
    3.631875903473499e-03
    3.655361080776669e-03
    3.668262777508564e-03
    3.671610927311339e-03
    3.665499702467911e-03
    3.650941008408198e-03
    3.628198386117417e-03
    3.598222305679660e-03
    3.561404089366194e-03
    3.518601106724054e-03
    3.470289036365386e-03
    3.417212717692320e-03
    3.359891779519290e-03
    3.298950531466099e-03
    3.234918131983195e-03
    3.168299944021777e-03
    0.000000000000000e+00
    2.269274489687358e-04
    4.218609647759743e-04
    6.363169342027748e-04
    8.410431176547191e-04
    1.047857241739939e-03
    1.246832939436191e-03
    1.443907110806319e-03
    1.633419426609395e-03
    1.818202134694524e-03
    1.995069799303456e-03
    2.164988932919405e-03
    2.326411950973041e-03
    2.479117511788131e-03
    2.622702563385423e-03
    2.756214516026268e-03
    2.880056201092349e-03
    2.992883074097672e-03
    3.095650834423792e-03
    3.186881548645334e-03
    3.267886295116362e-03
    3.337245573802654e-03
    3.396468744251399e-03
    3.444326890415387e-03
    3.482402524099757e-03
    3.509736131504016e-03
    3.527885310169002e-03
    3.536193217655856e-03
    3.536118604662852e-03
    3.527304414302223e-03
    3.511058773911581e-03
    3.487295558470439e-03
    3.457140821347526e-03
    3.420734409817326e-03
    3.379006945294993e-03
    3.332271759545106e-03
    3.281265909108566e-03
    3.226422917293991e-03
    3.168299944021623e-03
    3.107401322842286e-03
