 0.00000000	 0.00000032
 0.00346509	 0.00000040
 0.00693019	 0.00000051
 0.01039528	 0.00000065
 0.01386038	 0.00000084
 0.01732547	 0.00000111
 0.02079056	 0.00000147
 0.02425566	 0.00000197
 0.02772075	 0.00000269
 0.03118584	 0.00000372
 0.03465094	 0.00000516
 0.03811603	 0.00000711
 0.04158113	 0.00000941
 0.04504622	 0.00001120
 0.04851131	 0.00001110
 0.05197641	 0.00000904
 0.05544150	 0.00000667
 0.05890659	 0.00000499
 0.06237169	 0.00000410
 0.06583678	 0.00000384
 0.06930188	 0.00000413
 0.07276697	 0.00000495
 0.07623206	 0.00000601
 0.07969716	 0.00000684
 0.08316225	 0.00000828
 0.08662735	 0.00001162
 0.09009244	 0.00001702
 0.09355753	 0.00002427
 0.09702263	 0.00003328
 0.10048772	 0.00004419
 0.10395281	 0.00005757
 0.10741791	 0.00007447
 0.11088300	 0.00009713
 0.11434810	 0.00012996
 0.11781319	 0.00018293
 0.12127828	 0.00027936
 0.12474338	 0.00047061
 0.12820847	 0.00078568
 0.13167356	 0.00105392
 0.13513866	 0.00117124
 0.13860375	 0.00120777
 0.14206885	 0.00120588
 0.14553394	 0.00118183
 0.14899903	 0.00113943
 0.15246413	 0.00108261
 0.15592922	 0.00101148
 0.15939432	 0.00092909
 0.16285941	 0.00083561
 0.16632450	 0.00073456
 0.16978960	 0.00062686
 0.17325469	 0.00051676
 0.17671978	 0.00040622
 0.18018488	 0.00030032
 0.18364997	 0.00020232
 0.18711507	 0.00011817
 0.19058016	 0.00005268
 0.19404525	 0.00001272
 0.19751035	 0.00000492
 0.20097544	 0.00003705
 0.20444053	 0.00011787
 0.20790563	 0.00025606
 0.21137072	 0.00046279
 0.21483582	 0.00074766
 0.21830091	 0.00112457
 0.22176600	 0.00160397
 0.22523110	 0.00220284
 0.22869619	 0.00293246
 0.23216129	 0.00381322
 0.23562638	 0.00485713
 0.23909147	 0.00608840
 0.24255657	 0.00751961
 0.24602166	 0.00917918
 0.24948675	 0.01108015
 0.25295185	 0.01325552
 0.25641694	 0.01571857
 0.25988204	 0.01850734
 0.26334713	 0.02163510
 0.26681222	 0.02514531
 0.27027732	 0.02905096
 0.27374241	 0.03340137
 0.27720750	 0.03820890
 0.28067260	 0.04352911
 0.28413769	 0.04937338
 0.28760279	 0.05580391
 0.29106788	 0.06283061
 0.29453297	 0.07052275
 0.29799807	 0.07888822
 0.30146316	 0.08800373
 0.30492826	 0.09787460
 0.30839335	 0.10858531
 0.31185844	 0.12013789
 0.31532354	 0.13262498
 0.31878863	 0.14604455
 0.32225372	 0.16049768
 0.32571882	 0.17597744
 0.32918391	 0.19259362
 0.33264901	 0.21033343
 0.33611410	 0.22931560
 0.33957919	 0.24952047
 0.34304429	 0.27107584
 0.34650938	 0.29395405
 0.34997447	 0.31829212
 0.35343957	 0.34405314
 0.35690466	 0.37138341
 0.36036976	 0.40023541
 0.36383485	 0.43076474
 0.36729994	 0.46291184
 0.37076504	 0.49684154
 0.37423013	 0.53248067
 0.37769523	 0.57000319
 0.38116032	 0.60932067
 0.38462541	 0.65061598
 0.38809051	 0.69378373
 0.39155560	 0.73901540
 0.39502069	 0.78618682
 0.39848579	 0.83549776
 0.40195088	 0.88680335
 0.40541598	 0.94031125
 0.40888107	 0.99585391
 0.41234616	 1.05364642
 0.41581126	 1.11349654
 0.41927635	 1.17562625
 0.42274145	 1.23981655
 0.42620654	 1.30629575
 0.42967163	 1.37481603
 0.43313673	 1.44561136
 0.43660182	 1.51840308
 0.44006691	 1.59343018
 0.44353201	 1.67038110
 0.44699710	 1.74949919
 0.45046220	 1.83043801
 0.45392729	 1.91344466
 0.45739238	 1.99813595
 0.46085748	 2.08476203
 0.46432257	 2.17290127
 0.46778766	 2.26280629
 0.47125276	 2.35401544
 0.47471785	 2.44678332
 0.47818295	 2.54060689
 0.48164804	 2.63574230
 0.48511313	 2.73164411
 0.48857823	 2.82856968
 0.49204332	 2.92593039
 0.49550842	 3.02398473
 0.49897351	 3.12210051
 0.50243860	 3.22053737
 0.50590370	 3.31861960
 0.50936879	 3.41660831
 0.51283388	 3.51378475
 0.51629898	 3.61041204
 0.51976407	 3.70572946
 0.52322917	 3.80000297
 0.52669426	 3.89243154
 0.53015935	 3.98328508
 0.53362445	 4.07172457
 0.53708954	 4.15802539
 0.54055463	 4.24131349
 0.54401973	 4.32187160
 0.54748482	 4.39879439
 0.55094992	 4.47237417
 0.55441501	 4.54167888
 0.55788010	 4.60701302
 0.56134520	 4.66742319
 0.56481029	 4.72322908
 0.56827539	 4.77346215
 0.57174048	 4.81846063
 0.57520557	 4.85724796
 0.57867067	 4.89018456
 0.58213576	 4.91629380
 0.58560085	 4.93596217
 0.58906595	 4.94822184
 0.59253104	 4.95348936
 0.59599614	 4.95081537
 0.59946123	 4.94065047
 0.60292632	 4.92207423
 0.60639142	 4.89557504
 0.60985651	 4.86027264
 0.61332160	 4.81669640
 0.61678670	 4.76401807
 0.62025179	 4.70281024
 0.62371689	 4.63230913
 0.62718198	 4.55313110
 0.63064707	 4.46458972
 0.63411217	 4.36734307
 0.63757726	 4.26079527
 0.64104236	 4.14563956
 0.64450745	 4.02138398
 0.64797254	 3.88874266
 0.65143764	 3.74734071
 0.65490273	 3.59788450
 0.65836782	 3.44012816
 0.66183292	 3.27471172
 0.66529801	 3.10152618
 0.66876311	 2.92101406
 0.67222820	 2.73319477
 0.67569329	 2.53796339
 0.67915839	 2.33538082
 0.68262348	 2.12349310
 0.68608857	 1.90172476
 0.68955367	 1.65530304
 0.69301876	 0.00001830
 0.69648386	 1.67697764
 0.69994895	 1.92625061
 0.70341404	 2.15045984
 0.70687914	 2.36456056
 0.71034423	 2.56916834
 0.71380933	 2.76623826
 0.71727442	 2.95574259
 0.72073951	 3.13775972
 0.72420461	 3.31230622
 0.72766970	 3.47890387
 0.73113479	 3.63770150
 0.73459989	 3.78801925
 0.73806498	 3.93014657
 0.74153008	 4.06333506
 0.74499517	 4.18800656
 0.74846026	 4.30340366
 0.75192536	 4.41006817
 0.75539045	 4.50726279
 0.75885554	 4.59563575
 0.76232064	 4.67448440
 0.76578573	 4.74454960
 0.76925083	 4.80517005
 0.77271592	 4.85716561
 0.77618101	 4.89991855
 0.77964611	 4.93431445
 0.78311120	 4.95977863
 0.78657630	 4.97724960
 0.79004139	 4.98619356
 0.79350648	 4.98758971
 0.79697158	 4.98094201
 0.80043667	 4.96725881
 0.80390176	 4.94607816
 0.80736686	 4.91842675
 0.81083195	 4.88387279
 0.81429705	 4.84345139
 0.81776214	 4.79675694
 0.82122723	 4.74482390
 0.82469233	 4.68726901
 0.82815742	 4.62511788
 0.83162251	 4.55800602
 0.83508761	 4.48694288
 0.83855270	 4.41157946
 0.84201780	 4.33290267
 0.84548289	 4.25057608
 0.84894798	 4.16555850
 0.85241308	 4.07752353
 0.85587817	 3.98739724
 0.85934327	 3.89486106
 0.86280836	 3.80080447
 0.86627345	 3.70491497
 0.86973855	 3.60804234
 0.87320364	 3.50987874
 0.87666873	 3.41123188
 0.88013383	 3.31179750
 0.88359892	 3.21233956
 0.88706402	 3.11255661
 0.89052911	 3.01316776
 0.89399420	 2.91387392
 0.89745930	 2.81534877
 0.90092439	 2.71729541
 0.90438948	 2.62034204
 0.90785458	 2.52419392
 0.91131967	 2.42943418
 0.91478477	 2.33577044
 0.91824986	 2.24374151
 0.92171495	 2.15305772
 0.92518005	 2.06421464
 0.92864514	 1.97692581
 0.93211024	 1.89164492
 0.93557533	 1.80808926
 0.93904042	 1.72667222
 0.94250552	 1.64711551
 0.94597061	 1.56979398
 0.94943570	 1.49443439
 0.95290080	 1.42137498
 0.95636589	 1.35034828
 0.95983099	 1.28165789
 0.96329608	 1.21504279
 0.96676117	 1.15077404
 0.97022627	 1.08859773
 0.97369136	 1.02875447
 0.97715645	 0.97099812
 0.98062155	 0.91554094
 0.98408664	 0.86214516
 0.98755174	 0.81099678
 0.99101683	 0.76186692
 0.99448192	 0.71491744
 0.99794702	 0.66992877
 1.00141211	 0.62704064
 1.00487721	 0.58604323
 1.00834230	 0.54705606
 1.01180739	 0.50987937
 1.01527249	 0.47461439
 1.01873758	 0.44107166
 1.02220267	 0.40933587
 1.02566777	 0.37922804
 1.02913286	 0.35081804
 1.03259796	 0.32393749
 1.03606305	 0.29864298
 1.03952814	 0.27477675
 1.04299324	 0.25238366
 1.04645833	 0.23131651
 1.04992342	 0.21160978
 1.05338852	 0.19312678
 1.05685361	 0.17589284
 1.06031871	 0.15978161
 1.06378380	 0.14481048
 1.06724889	 0.13086323
 1.07071399	 0.11795030
 1.07417908	 0.10596538
 1.07764418	 0.09491288
 1.08110927	 0.08469610
 1.08457436	 0.07531415
 1.08803946	 0.06667966
 1.09150455	 0.05878694
 1.09496964	 0.05155765
 1.09843474	 0.04498133
 1.10189983	 0.03898831
 1.10536493	 0.03356223
 1.10883002	 0.02864154
 1.11229511	 0.02419763
 1.11576021	 0.02017361
 1.11922530	 0.01644858
 1.12269040	 0.00001371
 1.12615549	 0.00000307
 1.12962058	 0.00000156
 1.13308568	 0.00000100
 1.13655077	 0.00000072
 1.14001586	 0.00000055
 1.14348096	 0.00000044
 1.14694605	 0.00000036
 1.15041115	 0.00000029
 1.15387624	 0.00000024
 1.15734133	 0.00000020
 1.16080643	 0.00000017
 1.16427152	 0.00000014
 1.16773661	 0.00000012
 1.17120171	 0.00000010
 1.17466680	 0.00000008
 1.17813190	 0.00000006
 1.18159699	 0.00000005
 1.18506208	 0.00000004
 1.18852718	 0.00000003
 1.19199227	 0.00000003
 1.19545737	 0.00000002
 1.19892246	 0.00000001
 1.20238755	 0.00000001
 1.20585265	 0.00000001
 1.20931774	 0.00000000
 1.21278283	 0.00000000
 1.21624793	 0.00000000
 1.21971302	 0.00000000
 1.22317812	 0.00000000
 1.22664321	 0.00000000
 1.23010830	 0.00000000
 1.23357340	 0.00000000
 1.23703849	 0.00000000
 1.24050358	 0.00000000
 1.24396868	 0.00000000
 1.24743377	 0.00000000
 1.25089887	 0.00000000
 1.25436396	 0.00000000
 1.25782905	 0.00000000
 1.26129415	 0.00000000
 1.26475924	 0.00000000
 1.26822434	 0.00000000
 1.27168943	 0.00000000
 1.27515452	 0.00000000
 1.27861962	 0.00000000
 1.28208471	 0.00000000
 1.28554980	 0.00000000
 1.28901490	 0.00000000
 1.29247999	 0.00000001
 1.29594509	 0.00000001
 1.29941018	 0.00000001
 1.30287527	 0.00000002
 1.30634037	 0.00000003
 1.30980546	 0.00000003
 1.31327055	 0.00000004
 1.31673565	 0.00000004
 1.32020074	 0.00000005
 1.32366584	 0.00000005
 1.32713093	 0.00000005
 1.33059602	 0.00000005
 1.33406112	 0.00000004
 1.33752621	 0.00000003
 1.34099131	 0.00000002
 1.34445640	 0.00000001
 1.34792149	 0.00000001
 1.35138659	 0.00000002
 1.35485168	 0.00000003
 1.35831677	 0.00000005
 1.36178187	 0.00000006
 1.36524696	 0.00000008
 1.36871206	 0.00000011
 1.37217715	 0.00000014
 1.37564224	 0.00000017
 1.37910734	 0.00000021
 1.38257243	 0.00000026
