 0.00000000	12.61002512
 0.00346509	12.59624708
 0.00693019	12.55474882
 0.01039528	12.48505428
 0.01386038	12.38631202
 0.01732547	12.25722934
 0.02079056	12.09583913
 0.02425566	11.89908209
 0.02772075	11.66188606
 0.03118584	11.37550553
 0.03465094	11.02470748
 0.03811603	10.58441885
 0.04158113	10.01970462
 0.04504622	 9.29992921
 0.04851131	 8.43544562
 0.05197641	 7.50760517
 0.05544150	 6.63649905
 0.05890659	 5.91229289
 0.06237169	 5.37076946
 0.06583678	 5.01704995
 0.06930188	 4.86113311
 0.07276697	 4.94398654
 0.07623206	 5.28063928
 0.07969716	 5.65065513
 0.08316225	 5.73144262
 0.08662735	 5.56007604
 0.09009244	 5.29227321
 0.09355753	 4.99587290
 0.09702263	 4.68998127
 0.10048772	 4.38054158
 0.10395281	 4.07099134
 0.10741791	 3.76452577
 0.11088300	 3.46430870
 0.11434810	 3.17329584
 0.11781319	 2.89405495
 0.12127828	 2.62866056
 0.12474338	 2.37865096
 0.12820847	 2.14504040
 0.13167356	 1.92835910
 0.13513866	 1.72871766
 0.13860375	 1.54587557
 0.14206885	 1.37931549
 0.14553394	 1.22830997
 0.14899903	 1.09198478
 0.15246413	 0.96937093
 0.15592922	 0.85945016
 0.15939432	 0.76118963
 0.16285941	 0.67357029
 0.16632450	 0.59560662
 0.16978960	 0.52636164
 0.17325469	 0.46495581
 0.17671978	 0.41057285
 0.18018488	 0.36246177
 0.18364997	 0.31993703
 0.18711507	 0.28237676
 0.19058016	 0.24921988
 0.19404525	 0.21996248
 0.19751035	 0.19415373
 0.20097544	 0.17139161
 0.20444053	 0.15131857
 0.20790563	 0.13361743
 0.21137072	 0.11800726
 0.21483582	 0.10423975
 0.21830091	 0.09209558
 0.22176600	 0.08138140
 0.22523110	 0.07192671
 0.22869619	 0.06358147
 0.23216129	 0.05621351
 0.23562638	 0.04970662
 0.23909147	 0.04395848
 0.24255657	 0.03887917
 0.24602166	 0.03438953
 0.24948675	 0.03041998
 0.25295185	 0.02690926
 0.25641694	 0.02380351
 0.25988204	 0.02105529
 0.26334713	 0.01862286
 0.26681222	 0.01646943
 0.27027732	 0.01456264
 0.27374241	 0.01287390
 0.27720750	 0.01137807
 0.28067260	 0.01005292
 0.28413769	 0.00887888
 0.28760279	 0.00783864
 0.29106788	 0.00691693
 0.29453297	 0.00610024
 0.29799807	 0.00537665
 0.30146316	 0.00473560
 0.30492826	 0.00416775
 0.30839335	 0.00366484
 0.31185844	 0.00321954
 0.31532354	 0.00282537
 0.31878863	 0.00247659
 0.32225372	 0.00216808
 0.32571882	 0.00189535
 0.32918391	 0.00165437
 0.33264901	 0.00144158
 0.33611410	 0.00125383
 0.33957919	 0.00108831
 0.34304429	 0.00094251
 0.34650938	 0.00081423
 0.34997447	 0.00070150
 0.35343957	 0.00060255
 0.35690466	 0.00051584
 0.36036976	 0.00043998
 0.36383485	 0.00037374
 0.36729994	 0.00031602
 0.37076504	 0.00026583
 0.37423013	 0.00022233
 0.37769523	 0.00018473
 0.38116032	 0.00015234
 0.38462541	 0.00012456
 0.38809051	 0.00010083
 0.39155560	 0.00008069
 0.39502069	 0.00006369
 0.39848579	 0.00004945
 0.40195088	 0.00003763
 0.40541598	 0.00002794
 0.40888107	 0.00002010
 0.41234616	 0.00001387
 0.41581126	 0.00000904
 0.41927635	 0.00000543
 0.42274145	 0.00000286
 0.42620654	 0.00000120
 0.42967163	 0.00000030
 0.43313673	 0.00000007
 0.43660182	 0.00000038
 0.44006691	 0.00000116
 0.44353201	 0.00000232
 0.44699710	 0.00000380
 0.45046220	 0.00000553
 0.45392729	 0.00000746
 0.45739238	 0.00000955
 0.46085748	 0.00001175
 0.46432257	 0.00001402
 0.46778766	 0.00001635
 0.47125276	 0.00001870
 0.47471785	 0.00002104
 0.47818295	 0.00002337
 0.48164804	 0.00002565
 0.48511313	 0.00002789
 0.48857823	 0.00003007
 0.49204332	 0.00003218
 0.49550842	 0.00003421
 0.49897351	 0.00003616
 0.50243860	 0.00003803
 0.50590370	 0.00003982
 0.50936879	 0.00004154
 0.51283388	 0.00004321
 0.51629898	 0.00004484
 0.51976407	 0.00004652
 0.52322917	 0.00004830
 0.52669426	 0.00000130
 0.53015935	 0.00000053
 0.53362445	 0.00000094
 0.53708954	 0.00000029
 0.54055463	 0.00000000
 0.54401973	 0.00000000
 0.54748482	 0.00000000
 0.55094992	 0.00000000
 0.55441501	 0.00000000
 0.55788010	 0.00000000
 0.56134520	 0.00000000
 0.56481029	 0.00000000
 0.56827539	 0.00000000
 0.57174048	 0.00000000
 0.57520557	 0.00000000
 0.57867067	 0.00000000
 0.58213576	 0.00000000
 0.58560085	 0.00000000
 0.58906595	 0.00000000
 0.59253104	 0.00000000
 0.59599614	 0.00000000
 0.59946123	 0.00000000
 0.60292632	 0.00000000
 0.60639142	 0.00000000
 0.60985651	 0.00000000
 0.61332160	 0.00000000
 0.61678670	 0.00000000
 0.62025179	 0.00000000
 0.62371689	 0.00000000
 0.62718198	 0.00000000
 0.63064707	 0.00000000
 0.63411217	 0.00000000
 0.63757726	 0.00000000
 0.64104236	 0.00000000
 0.64450745	 0.00000000
 0.64797254	 0.00000000
 0.65143764	 0.00000000
 0.65490273	 0.00000000
 0.65836782	 0.00000000
 0.66183292	 0.00000000
 0.66529801	 0.00000000
 0.66876311	 0.00000000
 0.67222820	 0.00000000
 0.67569329	 0.00000000
 0.67915839	 0.00000000
 0.68262348	 0.00000000
 0.68608857	 0.00000000
 0.68955367	 0.00000000
 0.69301876	 0.00000000
 0.69648386	 0.00000000
 0.69994895	 0.00000000
 0.70341404	 0.00000000
 0.70687914	 0.00000000
 0.71034423	 0.00000000
 0.71380933	 0.00000000
 0.71727442	 0.00000000
 0.72073951	 0.00000000
 0.72420461	 0.00000000
 0.72766970	 0.00000000
 0.73113479	 0.00000000
 0.73459989	 0.00000000
 0.73806498	 0.00000000
 0.74153008	 0.00000000
 0.74499517	 0.00000000
 0.74846026	 0.00000000
 0.75192536	 0.00000000
 0.75539045	 0.00000000
 0.75885554	 0.00000000
 0.76232064	 0.00000000
 0.76578573	 0.00000000
 0.76925083	 0.00000000
 0.77271592	 0.00000000
 0.77618101	 0.00000000
 0.77964611	 0.00000000
 0.78311120	 0.00000000
 0.78657630	 0.00000000
 0.79004139	 0.00000000
 0.79350648	 0.00000000
 0.79697158	 0.00000000
 0.80043667	 0.00000000
 0.80390176	 0.00000000
 0.80736686	 0.00000000
 0.81083195	 0.00000000
 0.81429705	 0.00000000
 0.81776214	 0.00000000
 0.82122723	 0.00000000
 0.82469233	 0.00000000
 0.82815742	 0.00000000
 0.83162251	 0.00000000
 0.83508761	 0.00000000
 0.83855270	 0.00000000
 0.84201780	 0.00000000
 0.84548289	 0.00000000
 0.84894798	 0.00000029
 0.85241308	 0.00000094
 0.85587817	 0.00000053
 0.85934327	 0.00000130
 0.86280836	 0.00004830
 0.86627345	 0.00004652
 0.86973855	 0.00004484
 0.87320364	 0.00004321
 0.87666873	 0.00004154
 0.88013383	 0.00003982
 0.88359892	 0.00003803
 0.88706402	 0.00003616
 0.89052911	 0.00003421
 0.89399420	 0.00003218
 0.89745930	 0.00003007
 0.90092439	 0.00002789
 0.90438948	 0.00002565
 0.90785458	 0.00002337
 0.91131967	 0.00002104
 0.91478477	 0.00001870
 0.91824986	 0.00001635
 0.92171495	 0.00001402
 0.92518005	 0.00001175
 0.92864514	 0.00000955
 0.93211024	 0.00000746
 0.93557533	 0.00000553
 0.93904042	 0.00000380
 0.94250552	 0.00000232
 0.94597061	 0.00000116
 0.94943570	 0.00000038
 0.95290080	 0.00000007
 0.95636589	 0.00000030
 0.95983099	 0.00000120
 0.96329608	 0.00000286
 0.96676117	 0.00000543
 0.97022627	 0.00000904
 0.97369136	 0.00001387
 0.97715645	 0.00002010
 0.98062155	 0.00002794
 0.98408664	 0.00003763
 0.98755174	 0.00004945
 0.99101683	 0.00006369
 0.99448192	 0.00008069
 0.99794702	 0.00010083
 1.00141211	 0.00012456
 1.00487721	 0.00015234
 1.00834230	 0.00018473
 1.01180739	 0.00022233
 1.01527249	 0.00026583
 1.01873758	 0.00031602
 1.02220267	 0.00037374
 1.02566777	 0.00043998
 1.02913286	 0.00051584
 1.03259796	 0.00060255
 1.03606305	 0.00070150
 1.03952814	 0.00081423
 1.04299324	 0.00094251
 1.04645833	 0.00108831
 1.04992342	 0.00125383
 1.05338852	 0.00144158
 1.05685361	 0.00165437
 1.06031871	 0.00189535
 1.06378380	 0.00216808
 1.06724889	 0.00247659
 1.07071399	 0.00282537
 1.07417908	 0.00321954
 1.07764418	 0.00366484
 1.08110927	 0.00416775
 1.08457436	 0.00473560
 1.08803946	 0.00537665
 1.09150455	 0.00610024
 1.09496964	 0.00691693
 1.09843474	 0.00783864
 1.10189983	 0.00887888
 1.10536493	 0.01005292
 1.10883002	 0.01137807
 1.11229511	 0.01287390
 1.11576021	 0.01456264
 1.11922530	 0.01646943
 1.12269040	 0.01862286
 1.12615549	 0.02105529
 1.12962058	 0.02380351
 1.13308568	 0.02690926
 1.13655077	 0.03041998
 1.14001586	 0.03438953
 1.14348096	 0.03887917
 1.14694605	 0.04395848
 1.15041115	 0.04970662
 1.15387624	 0.05621351
 1.15734133	 0.06358147
 1.16080643	 0.07192671
 1.16427152	 0.08138140
 1.16773661	 0.09209558
 1.17120171	 0.10423975
 1.17466680	 0.11800726
 1.17813190	 0.13361743
 1.18159699	 0.15131857
 1.18506208	 0.17139161
 1.18852718	 0.19415373
 1.19199227	 0.21996248
 1.19545737	 0.24921988
 1.19892246	 0.28237676
 1.20238755	 0.31993703
 1.20585265	 0.36246177
 1.20931774	 0.41057285
 1.21278283	 0.46495581
 1.21624793	 0.52636164
 1.21971302	 0.59560662
 1.22317812	 0.67357029
 1.22664321	 0.76118963
 1.23010830	 0.85945016
 1.23357340	 0.96937093
 1.23703849	 1.09198478
 1.24050358	 1.22830997
 1.24396868	 1.37931549
 1.24743377	 1.54587557
 1.25089887	 1.72871766
 1.25436396	 1.92835910
 1.25782905	 2.14504039
 1.26129415	 2.37865096
 1.26475924	 2.62866055
 1.26822434	 2.89405495
 1.27168943	 3.17329583
 1.27515452	 3.46430870
 1.27861962	 3.76452577
 1.28208471	 4.07099134
 1.28554980	 4.38054158
 1.28901490	 4.68998127
 1.29247999	 4.99587290
 1.29594509	 5.29227321
 1.29941018	 5.56007604
 1.30287527	 5.73144262
 1.30634037	 5.65065513
 1.30980546	 5.28063928
 1.31327055	 4.94398654
 1.31673565	 4.86113310
 1.32020074	 5.01704995
 1.32366584	 5.37076945
 1.32713093	 5.91229289
 1.33059602	 6.63649905
 1.33406112	 7.50760517
 1.33752621	 8.43544562
 1.34099131	 9.29992921
 1.34445640	10.01970462
 1.34792149	10.58441885
 1.35138659	11.02470748
 1.35485168	11.37550553
 1.35831677	11.66188606
 1.36178187	11.89908209
 1.36524696	12.09583913
 1.36871206	12.25722934
 1.37217715	12.38631202
 1.37564224	12.48505428
 1.37910734	12.55474882
 1.38257243	12.59624708
#
