-1.000000	0.019566
-0.989950	0.019909
-0.979899	0.020260
-0.969849	0.020621
-0.959799	0.020992
-0.949749	0.021373
-0.939698	0.021765
-0.929648	0.022168
-0.919598	0.022582
-0.909548	0.023008
-0.899497	0.023447
-0.889447	0.023898
-0.879397	0.024363
-0.869347	0.024841
-0.859296	0.025334
-0.849246	0.025843
-0.839196	0.026367
-0.829146	0.026907
-0.819095	0.027464
-0.809045	0.028040
-0.798995	0.028633
-0.788945	0.029247
-0.778894	0.029880
-0.768844	0.030535
-0.758794	0.031212
-0.748744	0.031912
-0.738693	0.032636
-0.728643	0.033386
-0.718593	0.034163
-0.708543	0.034967
-0.698492	0.035801
-0.688442	0.036666
-0.678392	0.037564
-0.668342	0.038495
-0.658291	0.039463
-0.648241	0.040468
-0.638191	0.041513
-0.628141	0.042600
-0.618090	0.043732
-0.608040	0.044910
-0.597990	0.046138
-0.587940	0.047418
-0.577889	0.048755
-0.567839	0.050149
-0.557789	0.051607
-0.547739	0.053131
-0.537688	0.054725
-0.527638	0.056395
-0.517588	0.058145
-0.507538	0.059980
-0.497487	0.061906
-0.487437	0.063930
-0.477387	0.066058
-0.467337	0.068298
-0.457286	0.070659
-0.447236	0.073149
-0.437186	0.075778
-0.427136	0.078557
-0.417085	0.081498
-0.407035	0.084614
-0.396985	0.087921
-0.386935	0.091434
-0.376884	0.095172
-0.366834	0.099155
-0.356784	0.103406
-0.346734	0.107949
-0.336683	0.112815
-0.326633	0.118035
-0.316583	0.123647
-0.306533	0.129691
-0.296482	0.136216
-0.286432	0.143277
-0.276382	0.150937
-0.266332	0.159269
-0.256281	0.168357
-0.246231	0.178302
-0.236181	0.189221
-0.226131	0.201252
-0.216080	0.214560
-0.206030	0.229344
-0.195980	0.245846
-0.185930	0.264358
-0.175879	0.285245
-0.165829	0.308959
-0.155779	0.336075
-0.145729	0.367325
-0.135678	0.403666
-0.125628	0.446362
-0.115578	0.497122
-0.105528	0.558312
-0.095477	0.633293
-0.085427	0.727003
-0.075377	0.846988
-0.065327	1.005349
-0.055276	1.222713
-0.045226	1.537134
-0.035176	2.026631
-0.025126	2.876244
-0.015075	4.621144
-0.005025	9.039696
0.005025	17.004878
0.015075	21.359577
0.025126	22.977554
0.035176	23.638719
0.045226	23.880524
0.055276	23.890977
0.065327	23.751682
0.075377	23.504813
0.085427	23.175553
0.095477	22.780875
0.105528	22.333394
0.115578	21.843190
0.125628	21.318716
0.135678	20.767268
0.145729	20.195239
0.155779	19.608251
0.165829	19.011249
0.175879	18.408563
0.185930	17.803968
0.195980	17.200747
0.206030	16.601747
0.216080	16.009451
0.226131	15.426037
0.236181	14.853432
0.246231	14.293385
0.256281	13.747472
0.266332	13.217184
0.276382	12.703823
0.286432	12.208685
0.296482	11.732971
0.306533	11.277753
0.316583	10.844057
0.326633	10.433033
0.336683	10.045640
0.346734	9.681432
0.356784	9.342903
0.366834	9.032057
0.376884	8.745639
0.386935	8.493415
0.396985	8.270691
0.407035	8.083671
0.417085	7.951262
0.427136	7.867576
0.437186	7.863275
0.447236	7.998448
0.457286	8.357064
0.467337	9.150142
0.477387	10.943799
0.487437	14.894339
0.497487	22.314863
0.507538	26.607632
0.517588	12.308602
0.527638	5.495385
0.537688	3.071642
0.547739	1.993160
0.557789	1.421477
0.567839	1.079901
0.577889	0.857810
0.587940	0.704135
0.597990	0.592627
0.608040	0.508643
0.618090	0.443462
0.628141	0.391617
0.638191	0.349527
0.648241	0.314761
0.658291	0.285618
0.668342	0.260876
0.678392	0.239636
0.688442	0.221225
0.698492	0.205129
0.708543	0.190949
0.718593	0.178372
0.728643	0.167149
0.738693	0.157077
0.748744	0.147995
0.758794	0.139766
0.768844	0.132281
0.778894	0.125445
0.788945	0.119180
0.798995	0.113421
0.809045	0.108110
0.819095	0.103199
0.829146	0.098646
0.839196	0.094415
0.849246	0.090474
0.859296	0.086796
0.869347	0.083355
0.879397	0.080132
0.889447	0.077107
0.899497	0.074262
0.909548	0.071584
0.919598	0.069058
0.929648	0.066673
0.939698	0.064417
0.949749	0.062282
0.959799	0.060257
0.969849	0.058336
0.979899	0.056511
0.989950	0.054775
1.000000	0.053122
