#k points	Total energy	TB energy	V energy (eV)
20	 0.280136853
24	 0.282312539
28	 0.269633127
32	 0.257034755
36	 0.256363087
40	 0.265292762
44	 0.265903957
48	 0.262439721
52	 0.258604257
56	 0.259109183
60	 0.259589487
64	 0.258294301
68	 0.256689463
72	 0.256584716
76	 0.257259781
80	 0.256821325
84	 0.255675591
88	 0.254991938
92	 0.255157157
96	 0.255193492
100	 0.254722658
104	 0.254205484
108	 0.254073346
112	 0.254076919
116	 0.253851570
120	 0.253502006
124	 0.253303664
128	 0.253263503
132	 0.253160976
136	 0.252946718
140	 0.252754828
144	 0.252664791
148	 0.252593275
152	 0.252463020
156	 0.252315580
160	 0.252214238
200	 0.251430145
240	 0.250887851
280	 0.250501559
320	 0.250212379
360	 0.249986790
400	 0.249806434
