 0.00347378	 5.42679292
 0.00694756	 5.58293269
 0.01042133	 5.65057263
 0.01389511	 5.68939714
 0.01736889	 5.70131516
 0.02084267	 5.69042136
 0.02431645	 5.65977819
 0.02779023	 5.60415218
 0.03126400	 5.52466066
 0.03473778	 5.40852264
 0.03821156	 5.24823228
 0.04168534	 5.01945830
 0.04515912	 4.70985819
 0.04863290	 4.31735851
 0.05210667	 3.88615371
 0.05558045	 3.47385954
 0.05905423	 3.13141040
 0.06252801	 2.87722051
 0.06600179	 2.71896043
 0.06947557	 2.66305149
 0.07294934	 2.73555474
 0.07642312	 2.94063092
 0.07989690	 3.15074159
 0.08337068	 3.19417541
 0.08684446	 3.10447416
 0.09031823	 2.96311191
 0.09379201	 2.80638882
 0.09726579	 2.64187675
 0.10073957	 2.47439932
 0.10421335	 2.30442534
 0.10768713	 2.13538650
 0.11116090	 1.96803236
 0.11463468	 1.80540953
 0.11810846	 1.64816594
 0.12158224	 1.49857040
 0.12505602	 1.35685089
 0.12852980	 1.22442530
 0.13200357	 1.10107339
 0.13547735	 0.98749430
 0.13895113	 0.88312910
 0.14242491	 0.78815912
 0.14589869	 0.70183052
 0.14937247	 0.62399983
 0.15284624	 0.55384405
 0.15632002	 0.49104731
 0.15979380	 0.43480674
 0.16326758	 0.38473945
 0.16674136	 0.34011561
 0.17021513	 0.30055016
 0.17368891	 0.26541062
 0.17716269	 0.23434462
 0.18063647	 0.20682222
 0.18411025	 0.18253880
 0.18758403	 0.16106092
 0.19105780	 0.14213487
 0.19453158	 0.12541228
 0.19800536	 0.11068718
 0.20147914	 0.09768308
 0.20495292	 0.08623571
 0.20842670	 0.07612758
 0.21190047	 0.06722934
 0.21537425	 0.05937093
 0.21884803	 0.05245140
 0.22232181	 0.04633835
 0.22579559	 0.04095346
 0.22926936	 0.03619386
 0.23274314	 0.03199906
 0.23621692	 0.02828927
 0.23969070	 0.02501783
 0.24316448	 0.02212289
 0.24663826	 0.01956853
 0.25011203	 0.01730675
 0.25358581	 0.01530992
 0.25705959	 0.01354078
 0.26053337	 0.01197805
 0.26400715	 0.01059277
 0.26748093	 0.00936854
 0.27095470	 0.00828282
 0.27442848	 0.00732296
 0.27790226	 0.00647138
 0.28137604	 0.00571831
 0.28484982	 0.00505001
 0.28832360	 0.00445893
 0.29179737	 0.00393432
 0.29527115	 0.00347031
 0.29874493	 0.00305849
 0.30221871	 0.00269430
 0.30569249	 0.00237113
 0.30916626	 0.00208543
 0.31264004	 0.00183200
 0.31611382	 0.00160808
 0.31958760	 0.00140957
 0.32306138	 0.00123431
 0.32653516	 0.00107907
 0.33000893	 0.00094216
 0.33348271	 0.00082103
 0.33695649	 0.00071435
 0.34043027	 0.00062011
 0.34390405	 0.00053725
 0.34737783	 0.00046419
 0.35085160	 0.00040011
 0.35432538	 0.00034375
 0.35779916	 0.00029444
 0.36127294	 0.00025121
 0.36474672	 0.00021353
 0.36822050	 0.00018061
 0.37169427	 0.00015205
 0.37516805	 0.00012723
 0.37864183	 0.00010582
 0.38211561	 0.00008732
 0.38558939	 0.00007149
 0.38906316	 0.00005793
 0.39253694	 0.00004643
 0.39601072	 0.00003670
 0.39948450	 0.00002856
 0.40295828	 0.00002178
 0.40643206	 0.00001623
 0.40990583	 0.00001171
 0.41337961	 0.00000813
 0.41685339	 0.00000534
 0.42032717	 0.00000324
 0.42380095	 0.00000174
 0.42727473	 0.00000075
 0.43074850	 0.00000021
 0.43422228	 0.00000004
 0.43769606	 0.00000018
 0.44116984	 0.00000059
 0.44464362	 0.00000122
 0.44811740	 0.00000203
 0.45159117	 0.00000299
 0.45506495	 0.00000406
 0.45853873	 0.00000523
 0.46201251	 0.00000645
 0.46548629	 0.00000773
 0.46896006	 0.00000903
 0.47243384	 0.00001035
 0.47590762	 0.00001167
 0.47938140	 0.00001298
 0.48285518	 0.00001426
 0.48632896	 0.00001553
 0.48980273	 0.00001675
 0.49327651	 0.00001795
 0.49675029	 0.00001909
 0.50022407	 0.00002020
 0.50369785	 0.00002126
 0.50717163	 0.00002228
 0.51064540	 0.00002327
 0.51411918	 0.00002423
 0.51759296	 0.00002518
 0.52106674	 0.00002618
 0.52454052	 0.00002721
 0.52801430	 0.00000040
 0.53148807	 0.00000021
 0.53496185	 0.00000026
 0.53843563	 0.00000008
 0.54190941	 0.00000000
 0.54538319	 0.00000000
 0.54885696	 0.00000000
 0.55233074	 0.00000000
 0.55580452	 0.00000000
 0.55927830	 0.00000000
 0.56275208	 0.00000000
 0.56622586	 0.00000000
 0.56969963	 0.00000000
 0.57317341	 0.00000000
 0.57664719	 0.00000000
 0.58012097	 0.00000000
 0.58359475	 0.00000000
 0.58706853	 0.00000000
 0.59054230	 0.00000000
 0.59401608	 0.00000000
 0.59748986	 0.00000000
 0.60096364	 0.00000000
 0.60443742	 0.00000000
 0.60791120	 0.00000000
 0.61138497	 0.00000000
 0.61485875	 0.00000000
 0.61833253	 0.00000000
 0.62180631	 0.00000000
 0.62528009	 0.00000000
 0.62875386	 0.00000000
 0.63222764	 0.00000000
 0.63570142	 0.00000000
 0.63917520	 0.00000000
 0.64264898	 0.00000000
 0.64612276	 0.00000000
 0.64959653	 0.00000000
 0.65307031	 0.00000000
 0.65654409	 0.00000000
 0.66001787	 0.00000000
 0.66349165	 0.00000000
 0.66696543	 0.00000000
 0.67043920	 0.00000000
 0.67391298	 0.00000000
 0.67738676	 0.00000000
 0.68086054	 0.00000000
 0.68433432	 0.00000000
 0.68780809	 0.00000000
 0.69128187	 0.00000000
 0.69475565	 0.00000000
 0.69822943	 0.00000000
 0.70170321	 0.00000000
 0.70517699	 0.00000000
 0.70865076	 0.00000000
 0.71212454	 0.00000000
 0.71559832	 0.00000000
 0.71907210	 0.00000000
 0.72254588	 0.00000000
 0.72601966	 0.00000000
 0.72949343	 0.00000000
 0.73296721	 0.00000000
 0.73644099	 0.00000000
 0.73991477	 0.00000000
 0.74338855	 0.00000000
 0.74686233	 0.00000000
 0.75033610	 0.00000000
 0.75380988	 0.00000000
 0.75728366	 0.00000000
 0.76075744	 0.00000000
 0.76423122	 0.00000000
 0.76770499	 0.00000000
 0.77117877	 0.00000000
 0.77465255	 0.00000000
 0.77812633	 0.00000000
 0.78160011	 0.00000000
 0.78507389	 0.00000000
 0.78854766	 0.00000000
 0.79202144	 0.00000000
 0.79549522	 0.00000000
 0.79896900	 0.00000000
 0.80244278	 0.00000000
 0.80591656	 0.00000000
 0.80939033	 0.00000000
 0.81286411	 0.00000000
 0.81633789	 0.00000000
 0.81981167	 0.00000000
 0.82328545	 0.00000000
 0.82675923	 0.00000000
 0.83023300	 0.00000000
 0.83370678	 0.00000000
 0.83718056	 0.00000000
 0.84065434	 0.00000000
 0.84412812	 0.00000000
 0.84760189	 0.00000008
 0.85107567	 0.00000026
 0.85454945	 0.00000021
 0.85802323	 0.00000040
 0.86149701	 0.00002723
 0.86497079	 0.00002621
 0.86844456	 0.00002520
 0.87191834	 0.00002425
 0.87539212	 0.00002329
 0.87886590	 0.00002231
 0.88233968	 0.00002129
 0.88581346	 0.00002023
 0.88928723	 0.00001912
 0.89276101	 0.00001797
 0.89623479	 0.00001678
 0.89970857	 0.00001555
 0.90318235	 0.00001429
 0.90665613	 0.00001300
 0.91012990	 0.00001169
 0.91360368	 0.00001037
 0.91707746	 0.00000905
 0.92055124	 0.00000775
 0.92402502	 0.00000647
 0.92749879	 0.00000524
 0.93097257	 0.00000407
 0.93444635	 0.00000300
 0.93792013	 0.00000204
 0.94139391	 0.00000122
 0.94486769	 0.00000059
 0.94834146	 0.00000018
 0.95181524	 0.00000003
 0.95528902	 0.00000020
 0.95876280	 0.00000075
 0.96223658	 0.00000173
 0.96571036	 0.00000323
 0.96918413	 0.00000533
 0.97265791	 0.00000812
 0.97613169	 0.00001170
 0.97960547	 0.00001622
 0.98307925	 0.00002177
 0.98655303	 0.00002855
 0.99002680	 0.00003670
 0.99350058	 0.00004643
 0.99697436	 0.00005794
 1.00044814	 0.00007150
 1.00392192	 0.00008735
 1.00739569	 0.00010585
 1.01086947	 0.00012728
 1.01434325	 0.00015212
 1.01781703	 0.00018070
 1.02129081	 0.00021364
 1.02476459	 0.00025135
 1.02823836	 0.00029461
 1.03171214	 0.00034396
 1.03518592	 0.00040036
 1.03865970	 0.00046450
 1.04213348	 0.00053761
 1.04560726	 0.00062054
 1.04908103	 0.00071486
 1.05255481	 0.00082163
 1.05602859	 0.00094287
 1.05950237	 0.00107990
 1.06297615	 0.00123527
 1.06644993	 0.00141068
 1.06992370	 0.00160936
 1.07339748	 0.00183348
 1.07687126	 0.00208713
 1.08034504	 0.00237309
 1.08381882	 0.00269655
 1.08729259	 0.00306106
 1.09076637	 0.00347325
 1.09424015	 0.00393767
 1.09771393	 0.00446275
 1.10118771	 0.00505437
 1.10466149	 0.00572327
 1.10813526	 0.00647702
 1.11160904	 0.00732937
 1.11508282	 0.00829009
 1.11855660	 0.00937680
 1.12203038	 0.01060212
 1.12550416	 0.01198866
 1.12897793	 0.01355279
 1.13245171	 0.01532353
 1.13592549	 0.01732214
 1.13939927	 0.01958595
 1.14287305	 0.02214260
 1.14634682	 0.02504013
 1.14982060	 0.02831448
 1.15329438	 0.03202757
 1.15676816	 0.03622609
 1.16024194	 0.04098988
 1.16371572	 0.04637952
 1.16718949	 0.05249794
 1.17066327	 0.05942351
 1.17413705	 0.06728876
 1.17761083	 0.07619473
 1.18108461	 0.08631159
 1.18455839	 0.09776880
 1.18803216	 0.11078404
 1.19150594	 0.12552168
 1.19497972	 0.14225844
 1.19845350	 0.16120045
 1.20192728	 0.18269635
 1.20540106	 0.20700000
 1.20887483	 0.23454522
 1.21234861	 0.26563678
 1.21582239	 0.30080508
 1.21929617	 0.34040265
 1.22276995	 0.38506247
 1.22624372	 0.43516978
 1.22971750	 0.49145497
 1.23319128	 0.55430106
 1.23666506	 0.62451146
 1.24013884	 0.70240208
 1.24361262	 0.78879643
 1.24708639	 0.88383779
 1.25056017	 0.98828041
 1.25403395	 1.10194236
 1.25750773	 1.22538276
 1.26098151	 1.35790133
 1.26445529	 1.49971810
 1.26792906	 1.64941332
 1.27140284	 1.80675825
 1.27487662	 1.96948139
 1.27835040	 2.13693344
 1.28182418	 2.30606418
 1.28529796	 2.47612210
 1.28877173	 2.64367098
 1.29224551	 2.80823904
 1.29571929	 2.96499567
 1.29919307	 3.10635914
 1.30266685	 3.19600351
 1.30614062	 3.15241741
 1.30961440	 2.94208072
 1.31308818	 2.73682183
 1.31656196	 2.66422368
 1.32003574	 2.72009648
 1.32350952	 2.87835516
 1.32698329	 3.13257045
 1.33045707	 3.47506524
 1.33393085	 3.88741288
 1.33740463	 4.31865647
 1.34087841	 4.71115910
 1.34435219	 5.02071688
 1.34782596	 5.24941129
 1.35129974	 5.40959729
 1.35477352	 5.52561884
 1.35824730	 5.60498918
 1.36172108	 5.66049489
 1.36519486	 5.69102107
 1.36866863	 5.70180293
 1.37214241	 5.68977831
 1.37561619	 5.65085232
 1.37908997	 5.58311552
 1.38256375	 5.42688231
