20	-0.0003803910
22	-0.0011485956
24	-0.0148326225
26	-0.0023763898
28	-0.0012685781
30	-0.0006799035
32	-0.0003483214
34	-0.0001719622
36	-0.0000798803
38	-0.0000430423
40	-0.0000379878
42	-0.0000519221
44	-0.0000758178
46	-0.0001002276
48	-0.0001186089
50	-0.0001249120
52	-0.0001169754
54	-0.0001019482
56	-0.0000922498
58	-0.0000904078
60	-0.0000919190
62	-0.0000936729
64	-0.0000944943
66	-0.0000936645
68	-0.0000903907
70	-0.0000847707
72	-0.0000797841
74	-0.0000782134
76	-0.0000814572
78	-0.0000871077
80	-0.0000927124
82	-0.0000964017
84	-0.0000972369
86	-0.0000950239
88	-0.0000907660
90	-0.0000865024
92	-0.0000841250
94	-0.0000841274
96	-0.0000858194
98	-0.0000880819
100	-0.0000899059
102	-0.0000905990
104	-0.0000899807
106	-0.0000885262
108	-0.0000871571
110	-0.0000866279
112	-0.0000870891
114	-0.0000881635
116	-0.0000892712
118	-0.0000899034
120	-0.0000897954
122	-0.0000890154
124	-0.0000879261
126	-0.0000870669
128	-0.0000868019
130	-0.0000871676
132	-0.0000878925
134	-0.0000886457
136	-0.0000890934
138	-0.0000890876
140	-0.0000886810
142	-0.0000881073
144	-0.0000876535
146	-0.0000875006
148	-0.0000876670
150	-0.0000880278
152	-0.0000883823
154	-0.0000885685
156	-0.0000885138
158	-0.0000882743
160	-0.0000879745
162	-0.0000877649
164	-0.0000877263
166	-0.0000878606
168	-0.0000880751
170	-0.0000882640
172	-0.0000883532
174	-0.0000882909
176	-0.0000881415
178	-0.0000879695
180	-0.0000878650
182	-0.0000878417
184	-0.0000879221
186	-0.0000880404
188	-0.0000881528
190	-0.0000881743
192	-0.0000881347
194	-0.0000880543
196	-0.0000879705
198	-0.0000879087
200	-0.0000879087
202	-0.0000879550
204	-0.0000880188
206	-0.0000880647
208	-0.0000880733
210	-0.0000880467
212	-0.0000879981
214	-0.0000880389
216	-0.0000879249
218	-0.0000879276
220	-0.0000879574
222	-0.0000879920
224	-0.0000880117
226	-0.0000880123
228	-0.0000879936
230	-0.0000879696
232	-0.0000879356
234	-0.0000879275
236	-0.0000879280
238	-0.0000879500
240	-0.0000879632
242	-0.0000879700
244	-0.0000879679
246	-0.0000880086
248	-0.0000879380
250	-0.0000879203
252	-0.0000879188
254	-0.0000879242
256	-0.0000879307
258	-0.0000879394
260	-0.0000879432
262	-0.0000879394
264	-0.0000879390
266	-0.0000879208
268	-0.0000879103
270	-0.0000879103
272	-0.0000879156
274	-0.0000879151
276	-0.0000879190
278	-0.0000879169
280	-0.0000879197
282	-0.0000879104
284	-0.0000879068
286	-0.0000879000
288	-0.0000879044
290	-0.0000878982
292	-0.0000878993
294	-0.0000878988
296	-0.0000879106
298	-0.0000878969
300	-0.0000878935
302	-0.0000878891
304	-0.0000878895
306	-0.0000878824
308	-0.0000878883
310	-0.0000878866
312	-0.0000878881
314	-0.0000878876
316	-0.0000878844
318	-0.0000878776
320	-0.0000878800
322	-0.0000878806
324	-0.0000878742
326	-0.0000878624
328	-0.0000878732
330	-0.0000878774
332	-0.0000878711
334	-0.0000878712
336	-0.0000878675
338	-0.0000878714
340	-0.0000878659
342	-0.0000878643
344	-0.0000878619
346	-0.0000878693
348	-0.0000878592
350	-0.0000878621
352	-0.0000878599
354	-0.0000878793
356	-0.0000879115
358	-0.0000878574
360	-0.0000878535
362	-0.0000878591
364	-0.0000878574
366	-0.0000878527
368	-0.0000878500
370	-0.0000878471
372	-0.0000878503
374	-0.0000878478
376	-0.0000878455
378	-0.0000878468
380	-0.0000878498
382	-0.0000878430
384	-0.0000878422
386	-0.0000878433
388	-0.0000878461
390	-0.0000878386
392	-0.0000878362
394	-0.0000878380
396	-0.0000878386
398	-0.0000878344
400	-0.0000878376
