20	-0.0007229844
22	-0.0013881416
24	-0.0065641404
26	-0.0046311614
28	-0.0017294888
30	-0.0008902790
32	-0.0004660274
34	-0.0002346204
36	-0.0001082984
38	-0.0000541648
40	-0.0000458773
42	-0.0000800180
44	-0.0001338556
46	-0.0001846853
48	-0.0002218196
50	-0.0002317620
52	-0.0002125514
54	-0.0001805080
56	-0.0001580229
58	-0.0001504580
60	-0.0001510765
62	-0.0001543474
64	-0.0001575572
66	-0.0001585695
68	-0.0001551507
70	-0.0001468241
72	-0.0001379949
74	-0.0001353026
76	-0.0001406612
78	-0.0001508096
80	-0.0001612015
82	-0.0001682716
84	-0.0001698901
86	-0.0001656731
88	-0.0001574105
90	-0.0001488672
92	-0.0001436511
94	-0.0001430997
96	-0.0001462122
98	-0.0001509593
100	-0.0001551946
102	-0.0001573475
104	-0.0001567800
106	-0.0001542063
108	-0.0001513054
110	-0.0001496919
112	-0.0001499470
114	-0.0001516035
116	-0.0001536569
118	-0.0001551112
120	-0.0001553210
140	-0.0001536536
160	-0.0001523148
180	-0.0001520293
200	-0.0001521207
220	-0.0001522281
240	-0.0001522740
260	-0.0001522735
280	-0.0001522473
300	-0.0001522299
320	-0.0001522075
340	-0.0001522041
360	-0.0001521982
380	-0.0001521883
400	-0.0001521827
