#k points	Total energy	TB energy	V energy (eV)
20	 0.280959845
22	 0.286252053
24	 0.283979618
26	 0.278091048
28	 0.270693340
30	 0.263570753
32	 0.257975452
34	 0.255139940
36	 0.257364094
38	 0.263115033
40	 0.266989976
42	 0.268233652
44	 0.267750236
46	 0.266159866
48	 0.263898893
50	 0.261481705
52	 0.259767655
54	 0.259571828
56	 0.260416925
58	 0.261094435
60	 0.261142354
62	 0.260651480
64	 0.259822340
66	 0.258867948
68	 0.258062825
70	 0.257719992
72	 0.257941560
74	 0.258424425
76	 0.258746289
78	 0.258712294
80	 0.258341109
82	 0.257755302
84	 0.257117536
86	 0.256613821
88	 0.256384484
90	 0.256431773
92	 0.256603901
94	 0.256723602
96	 0.256690993
98	 0.256499796
100	 0.256202283
102	 0.255886481
104	 0.255642621
106	 0.255524811
108	 0.255517404
110	 0.255551589
112	 0.255552851
114	 0.255480229
116	 0.255334166
118	 0.255145887
120	 0.254963035
140	 0.254219828
160	 0.253686782
180	 0.253262246
200	 0.252911299
220	 0.252617771
240	 0.252372430
260	 0.252165322
280	 0.251988168
300	 0.251835098
320	 0.251700805
340	 0.251582332
360	 0.251476991
380	 0.251382552
400	 0.251297725
