#k points	Total energy	TB energy	V energy (eV)
20	 0.290562346
22	 0.298384651
24	 0.297752963
26	 0.292342747
28	 0.284645009
30	 0.277000612
32	 0.271071161
34	 0.268395150
36	 0.271287117
38	 0.277445071
40	 0.281250386
42	 0.282358410
44	 0.281840839
46	 0.280300690
48	 0.278158060
50	 0.275986301
52	 0.274711631
54	 0.275008853
56	 0.276078546
58	 0.276633937
60	 0.276381087
62	 0.275580715
64	 0.274535096
66	 0.273508714
68	 0.272803461
70	 0.272701562
72	 0.273192370
74	 0.273836827
76	 0.274174404
78	 0.274049200
80	 0.273549796
82	 0.272856398
84	 0.272181271
86	 0.271724911
88	 0.271603638
90	 0.271763209
92	 0.271999346
94	 0.272118333
96	 0.272037042
98	 0.271781572
100	 0.271436106
102	 0.271111393
104	 0.270901432
106	 0.270844375
108	 0.270895513
110	 0.270964067
112	 0.270967661
114	 0.270873820
116	 0.270696914
118	 0.270487029
120	 0.270301876
122	 0.270185291
124	 0.270143974
126	 0.270151601
128	 0.270162399
130	 0.270139112
132	 0.270065061
134	 0.269951595
136	 0.269825016
138	 0.269714520
140	 0.269640105
142	 0.269601149
144	 0.269583418
146	 0.269564897
148	 0.269529257
150	 0.269469127
152	 0.269391958
154	 0.269311480
156	 0.269242515
158	 0.269191084
160	 0.269156898
162	 0.269131473
164	 0.269104937
166	 0.269067876
168	 0.269019505
170	 0.268963965
172	 0.268909281
174	 0.268860468
176	 0.268821401
178	 0.268790667
180	 0.268764406
182	 0.268735845
184	 0.268702329
186	 0.268663589
188	 0.268622823
190	 0.268582300
192	 0.268545769
194	 0.268514352
196	 0.268486967
198	 0.268461821
200	 0.268434982
202	 0.268405709
204	 0.268374165
206	 0.268342449
208	 0.268311088
210	 0.268282133
212	 0.268255916
214	 0.268232351
216	 0.268208808
218	 0.268184733
220	 0.268159535
222	 0.268134065
224	 0.268107881
226	 0.268082531
228	 0.268058626
230	 0.268036822
232	 0.268015457
234	 0.267994443
236	 0.267973200
238	 0.267952090
240	 0.267930137
242	 0.267908360
244	 0.267887205
246	 0.267867492
248	 0.267848084
250	 0.267829239
252	 0.267810629
254	 0.267791977
256	 0.267773747
258	 0.267754976
260	 0.267736451
262	 0.267718384
264	 0.267701398
266	 0.267684397
268	 0.267667760
270	 0.267651298
272	 0.267635396
274	 0.267619025
276	 0.267602761
278	 0.267586732
280	 0.267571531
282	 0.267556210
284	 0.267541211
286	 0.267526464
288	 0.267512348
290	 0.267497855
292	 0.267483447
294	 0.267469196
296	 0.267455610
298	 0.267441812
300	 0.267428264
302	 0.267414949
304	 0.267401826
306	 0.267389288
308	 0.267376405
310	 0.267363639
312	 0.267351027
314	 0.267339019
316	 0.267326765
318	 0.267314692
320	 0.267302807
322	 0.267291492
324	 0.267279873
326	 0.267268359
328	 0.267256971
330	 0.267246131
332	 0.267235018
334	 0.267224049
336	 0.267213228
338	 0.267202960
340	 0.267192406
342	 0.267181956
344	 0.267171610
346	 0.267161779
348	 0.267151667
350	 0.267141668
352	 0.267131792
354	 0.267122425
356	 0.267112797
358	 0.267103252
360	 0.267093810
362	 0.267084469
364	 0.267075604
366	 0.267066463
368	 0.267057418
370	 0.267048477
372	 0.267040008
374	 0.267031267
376	 0.267022610
378	 0.267014044
380	 0.267005923
382	 0.266997531
384	 0.266989223
386	 0.266981002
388	 0.266973220
390	 0.266965176
392	 0.266957209
394	 0.266949320
396	 0.266941855
398	 0.266934124
400	 0.266926464
