20	-0.0006032060
24	-0.0011685773
28	-0.0033270683
32	-0.0005105968
36	-0.0001097485
40	-0.0000488346
44	-0.0001539919
48	-0.0002598276
52	-0.0002372517
56	-0.0001731776
60	-0.0001657981
64	-0.0001730689
68	-0.0001702694
72	-0.0001519674
76	-0.0001567085
80	-0.0001798486
84	-0.0001886045
88	-0.0001738761
92	-0.0001591634
96	-0.0001626165
100	-0.0001725681
104	-0.0001740517
108	-0.0001681436
112	-0.0001670466
116	-0.0001711396
120	-0.0001727739
124	-0.0001694196
128	-0.0001670256
132	-0.0001690078
136	-0.0001712384
140	-0.0001711753
144	-0.0001690756
148	-0.0001689158
152	-0.0001702998
156	-0.0001709137
160	-0.0001699076
200	-0.0001700047
240	-0.0001703344
280	-0.0001704191
320	-0.0001704811
360	-0.0001705236
400	-0.0001705874
