5	0.655250
6	0.604061
7	0.571406
8	0.550741
9	0.537970
10	0.530404
11	0.526198
12	0.524029
13	0.519931
14	0.512586
15	0.507423
16	0.503974
17	0.501838
18	0.500666
19	0.500147
20	0.499684
21	0.497305
22	0.495987
23	0.494946
24	0.494053
25	0.493306
26	0.492704
27	0.492262
28	0.491953
29	0.491724
30	0.491492
31	0.491174
32	0.490872
33	0.490547
34	0.490247
35	0.490006
36	0.489826
37	0.489695
38	0.489587
39	0.489463
40	0.489296
41	0.489109
42	0.488950
43	0.488798
44	0.488690
45	0.488613
46	0.488549
47	0.488471
48	0.488371
49	0.488285
50	0.488184
