#k points	Total energy	TB energy	V energy (eV)
19	 0.290562346
21	 0.298384651
23	 0.297752964
25	 0.292342747
27	 0.284645009
29	 0.277000612
31	 0.271071161
33	 0.268395150
35	 0.271287117
37	 0.277445071
39	 0.281250386
41	 0.282358410
43	 0.281840839
45	 0.280300690
47	 0.278158060
49	 0.275986301
51	 0.274711631
53	 0.275008853
55	 0.276078546
57	 0.276633937
59	 0.276381087
61	 0.275580715
63	 0.274535096
65	 0.273508714
67	 0.272803461
69	 0.272701562
71	 0.273192370
73	 0.273836827
75	 0.274174404
77	 0.274049200
79	 0.273549796
81	 0.272856398
83	 0.272181271
85	 0.271724911
87	 0.271603638
89	 0.271763209
91	 0.271999346
93	 0.272118333
95	 0.272037042
97	 0.271781572
99	 0.271436106
101	 0.271111393
103	 0.270901432
105	 0.270844375
107	 0.270895513
109	 0.270964067
111	 0.270967661
113	 0.270873820
115	 0.270696914
117	 0.270487029
119	 0.270301876
121	 0.270185291
123	 0.270143974
125	 0.270151601
127	 0.270162399
129	 0.270139113
131	 0.270065061
133	 0.269951595
135	 0.269825016
137	 0.269714520
139	 0.269640105
141	 0.269601149
143	 0.269583418
145	 0.269564897
147	 0.269529257
149	 0.269469127
151	 0.269391958
153	 0.269311480
155	 0.269242515
157	 0.269191084
159	 0.269156898
161	 0.269131473
163	 0.269104937
165	 0.269067876
167	 0.269019505
169	 0.268963965
171	 0.268909281
173	 0.268860468
175	 0.268821401
177	 0.268790667
179	 0.268764406
181	 0.268735845
183	 0.268702329
185	 0.268663589
187	 0.268622823
189	 0.268582300
191	 0.268545769
193	 0.268514352
195	 0.268486967
197	 0.268461821
199	 0.268434982
201	 0.268405709
203	 0.268374165
205	 0.268342449
207	 0.268311088
209	 0.268282133
211	 0.268255916
213	 0.268232351
215	 0.268208808
217	 0.268184733
219	 0.268159535
221	 0.268134065
223	 0.268107881
225	 0.268082531
227	 0.268058626
229	 0.268036822
231	 0.268015457
233	 0.267994443
235	 0.267973200
237	 0.267952090
239	 0.267930137
241	 0.267908360
243	 0.267887205
245	 0.267867492
247	 0.267848084
249	 0.267829239
251	 0.267810629
253	 0.267791977
255	 0.267773747
257	 0.267754976
259	 0.267736451
261	 0.267718384
263	 0.267701398
265	 0.267684397
267	 0.267667760
269	 0.267651298
271	 0.267635396
273	 0.267619025
275	 0.267602761
277	 0.267586732
279	 0.267571531
281	 0.267556210
283	 0.267541211
285	 0.267526464
287	 0.267512348
289	 0.267497855
291	 0.267483447
293	 0.267469196
295	 0.267455610
297	 0.267441812
299	 0.267428264
