20	-0.0000500454
22	-0.0003351559
24	-0.0003913436
26	-0.0001678894
28	-0.0000896354
30	-0.0000466707
32	-0.0000234928
34	-0.0000112945
36	-0.0000052740
38	-0.0000035288
40	-0.0000037788
42	-0.0000056857
44	-0.0000082933
46	-0.0000107848
48	-0.0000121917
50	-0.0000121834
52	-0.0000108582
54	-0.0000094535
56	-0.0000088228
58	-0.0000088213
60	-0.0000090430
62	-0.0000092285
64	-0.0000093154
66	-0.0000091940
68	-0.0000087411
70	-0.0000081063
72	-0.0000076692
74	-0.0000077609
76	-0.0000082351
78	-0.0000088337
80	-0.0000093355
82	-0.0000096361
84	-0.0000096181
86	-0.0000092566
88	-0.0000088003
90	-0.0000084005
92	-0.0000082348
94	-0.0000083304
96	-0.0000085206
98	-0.0000087926
100	-0.0000089563
102	-0.0000089692
104	-0.0000088724
106	-0.0000086848
108	-0.0000085886
110	-0.0000085559
112	-0.0000086235
114	-0.0000087387
116	-0.0000088711
118	-0.0000088866
120	-0.0000088702
122	-0.0000087541
124	-0.0000086139
126	-0.0000085676
128	-0.0000085914
130	-0.0000086694
132	-0.0000087117
134	-0.0000088063
136	-0.0000088321
138	-0.0000088130
140	-0.0000087884
142	-0.0000087031
144	-0.0000086616
146	-0.0000086393
148	-0.0000086860
150	-0.0000087330
152	-0.0000087596
154	-0.0000087801
156	-0.0000087499
158	-0.0000087337
160	-0.0000086888
162	-0.0000086781
164	-0.0000087072
166	-0.0000087097
168	-0.0000087120
170	-0.0000087490
172	-0.0000087473
174	-0.0000087664
176	-0.0000086867
178	-0.0000086686
180	-0.0000086733
182	-0.0000086815
184	-0.0000086875
186	-0.0000087286
188	-0.0000087236
190	-0.0000087362
192	-0.0000087185
194	-0.0000086873
196	-0.0000087106
198	-0.0000087129
200	-0.0000087212
202	-0.0000087358
204	-0.0000087255
206	-0.0000087385
208	-0.0000087246
210	-0.0000087005
212	-0.0000087112
214	-0.0000086943
216	-0.0000086826
218	-0.0000087263
220	-0.0000087189
222	-0.0000087389
224	-0.0000087201
226	-0.0000087139
228	-0.0000086926
230	-0.0000087073
232	-0.0000086992
234	-0.0000087048
236	-0.0000087198
238	-0.0000086887
240	-0.0000086995
242	-0.0000087055
244	-0.0000087056
246	-0.0000087087
248	-0.0000087002
250	-0.0000087060
252	-0.0000087120
254	-0.0000087091
256	-0.0000087229
258	-0.0000087094
260	-0.0000087032
262	-0.0000087173
264	-0.0000086927
266	-0.0000087050
268	-0.0000087107
270	-0.0000084647
272	-0.0000085755
274	-0.0000086726
276	-0.0000087699
278	-0.0000088469
280	-0.0000086956
282	-0.0000087973
284	-0.0000087186
286	-0.0000087066
288	-0.0000086974
290	-0.0000086961
292	-0.0000087100
294	-0.0000087132
296	-0.0000087153
298	-0.0000087369
300	-0.0000086911
