20	-0.0052805486
22	-0.0333732486
24	-0.0387854919
26	-0.0167473868
28	-0.0089500638
30	-0.0046593863
32	-0.0023419526
34	-0.0011228973
36	-0.0005282530
38	-0.0003566326
40	-0.0004077036
42	-0.0006094396
44	-0.0008590472
46	-0.0010824007
48	-0.0012150473
50	-0.0012086297
52	-0.0010805991
54	-0.0009468219
56	-0.0008937814
58	-0.0008981504
60	-0.0009174814
62	-0.0009323440
64	-0.0009346478
66	-0.0009164861
68	-0.0008717031
70	-0.0008131921
72	-0.0007776264
74	-0.0007889108
76	-0.0008366286
78	-0.0008954568
80	-0.0009437028
82	-0.0009674417
84	-0.0009604169
86	-0.0009262417
88	-0.0008810289
90	-0.0008464396
92	-0.0008349810
94	-0.0008448016
96	-0.0008659821
98	-0.0008875646
100	-0.0009009187
102	-0.0009010586
104	-0.0008897670
106	-0.0008745391
108	-0.0008648981
110	-0.0008644830
112	-0.0008728862
114	-0.0008845531
116	-0.0008938397
118	-0.0008966165
120	-0.0008918690
122	-0.0008819381
124	-0.0008716952
126	-0.0008658501
128	-0.0008664919
130	-0.0008724103
132	-0.0008803632
134	-0.0008867298
136	-0.0008890448
138	-0.0008868007
140	-0.0008815777
142	-0.0008774899
144	-0.0008730093
146	-0.0008732093
148	-0.0008761048
150	-0.0008800132
152	-0.0008828252
154	-0.0008835359
156	-0.0008819689
158	-0.0008792239
160	-0.0008764580
162	-0.0008752047
164	-0.0008757595
166	-0.0008777208
168	-0.0008798201
170	-0.0008812761
172	-0.0008814210
174	-0.0008803583
176	-0.0008786405
178	-0.0008771732
180	-0.0008765537
182	-0.0008769437
184	-0.0008780039
186	-0.0008791832
188	-0.0008799016
190	-0.0008799004
192	-0.0008793343
194	-0.0008783456
196	-0.0008776159
198	-0.0008773692
200	-0.0008777026
202	-0.0008782388
204	-0.0008788337
206	-0.0008791502
208	-0.0008791267
210	-0.0008786616
212	-0.0008781593
214	-0.0008777935
216	-0.0008778949
218	-0.0008778954
220	-0.0008782340
222	-0.0008785396
224	-0.0008787161
226	-0.0008785961
228	-0.0008783444
230	-0.0008780723
232	-0.0008779039
234	-0.0008778332
236	-0.0008779792
238	-0.0008781608
240	-0.0008783182
242	-0.0008784077
244	-0.0008782911
246	-0.0008781476
248	-0.0008780033
250	-0.0008779527
252	-0.0008779142
254	-0.0008779774
256	-0.0008780748
258	-0.0008781915
260	-0.0008781519
262	-0.0008781051
264	-0.0008780180
266	-0.0008780127
268	-0.0008778904
270	-0.0008778903
272	-0.0008779347
274	-0.0008779741
276	-0.0008780070
278	-0.0008780035
280	-0.0008779724
282	-0.0008779467
284	-0.0008785473
286	-0.0008778517
288	-0.0008778584
290	-0.0008778888
292	-0.0008779354
294	-0.0008779077
296	-0.0008779053
298	-0.0008778823
300	-0.0008778801
