20	 0.0042814932
22	-0.0096807436
24	 0.0000159598
26	 0.0000148093
28	 0.0112023841
30	 0.0000088288
32	 0.0049938537
34	 0.0078782924
36	-0.0030634291
38	 0.0008994301
40	-0.0033667894
42	 0.0061917706
44	-0.0000031904
46	-0.0000029864
48	 0.0000026460
50	 0.0000022159
52	 0.0026495151
54	-0.0008176772
56	 0.0000329186
58	 0.0040652962
60	-0.0000014803
62	-0.0000014285
64	-0.0000013450
66	-0.0000012358
68	-0.0000010912
70	 0.0011893541
72	-0.0020962881
74	-0.0003851701
76	 0.0024009786
78	 0.0010171335
80	-0.0039653937
82	 0.0026836985
84	 0.0038336407
86	-0.0014087996
88	 0.0019249234
90	-0.0004941595
92	 0.0002529869
94	-0.0007656736
96	 0.0005008013
98	-0.0024108110
100	-0.0004317588
102	-0.0011656474
104	 0.0005398947
106	-0.0026294964
108	-0.0007125791
110	-0.0024344616
112	 0.0001754992
114	-0.0014502438
116	 0.0029321179
118	-0.0000003379
120	-0.0004984415
122	 0.0018200711
124	-0.0006315102
126	 0.0014125078
128	-0.0001373461
130	 0.0014152155
132	 0.0000691109
134	-0.0000632484
136	-0.0000002462
138	 0.0006885125
140	 0.0007760589
142	 0.0003830507
144	-0.0011439919
146	 0.0011158803
148	 0.0010276324
150	 0.0007498683
152	 0.0010028633
154	 0.0011211860
156	 0.0010479787
158	-0.0002599194
160	-0.0002784284
162	 0.0002593064
164	 0.0006506427
166	-0.0004439682
168	 0.0012519155
170	-0.0005047081
172	-0.0008376553
174	-0.0002368566
176	 0.0001776340
178	 0.0009742321
180	-0.0005942534
182	-0.0009089441
184	 0.0005006458
186	 0.0007691150
188	 0.0002943852
190	 0.0014520892
192	 0.0002098037
194	 0.0001269535
196	 0.0000496747
198	-0.0002382997
200	 0.0002993643
202	-0.0005092211
204	-0.0005375409
206	 0.0003213454
208	-0.0003411940
210	 0.0008690767
212	-0.0007996915
214	-0.0009815135
216	-0.0006046526
218	-0.0005557690
220	-0.0010554293
222	 0.0003166994
224	-0.0000699127
226	-0.0003180995
228	-0.0004107680
230	 0.0000203606
232	 0.0002164172
234	-0.0000802512
236	 0.0000387423
238	 0.0002254928
240	-0.0003441735
242	-0.0001322146
244	 0.0002097130
246	-0.0000997145
248	-0.0001398172
250	 0.0001695693
252	 0.0006968352
254	 0.0003856744
256	 0.0002281833
258	-0.0003360657
260	 0.0001936590
262	 0.0004246885
264	 0.0001558003
266	-0.0000346132
268	-0.0002141663
270	-0.0002494721
272	 0.0002718916
274	-0.0003660329
276	 0.0002050559
278	-0.0004871056
280	 0.0001690117
282	 0.0003224060
284	 0.0003420994
286	 0.0004500507
288	 0.0000044833
290	 0.0002346975
292	 0.0001989013
294	-0.0000032554
296	 0.0003709065
298	 0.0004889264
300	-0.0000007552
