#k points	Total energy	TB energy	V energy (eV)
20	 0.285411496
22	 0.288890427
24	 0.285706566
26	 0.278929568
28	 0.271161885
30	 0.264466863
32	 0.260272229
34	 0.260665530
36	 0.266671520
38	 0.272583609
40	 0.275300496
42	 0.275794852
44	 0.274945391
46	 0.273239103
48	 0.271156256
50	 0.269475037
52	 0.269170754
54	 0.270253866
56	 0.271372771
58	 0.271682575
60	 0.271268180
62	 0.270443049
64	 0.269493944
66	 0.268704999
68	 0.268396860
70	 0.268744415
72	 0.269502122
74	 0.270147717
76	 0.270357587
78	 0.270115571
80	 0.269575318
82	 0.268942112
84	 0.268432305
86	 0.268215438
88	 0.268330426
90	 0.268632538
92	 0.268902223
94	 0.268990518
96	 0.268874920
98	 0.268618196
100	 0.268325983
102	 0.268103741
104	 0.268023793
106	 0.268083219
108	 0.268208599
110	 0.268302037
112	 0.268303884
114	 0.268207401
116	 0.268048852
118	 0.267886463
120	 0.267771492
122	 0.267732769
124	 0.267759913
126	 0.267813864
128	 0.267846997
130	 0.267832726
132	 0.267769682
134	 0.267679045
136	 0.267588473
138	 0.267524758
140	 0.267498659
142	 0.267503420
144	 0.267516726
146	 0.267518516
148	 0.267496892
150	 0.267453754
152	 0.267398312
154	 0.267346336
156	 0.267309398
158	 0.267291840
160	 0.267286599
162	 0.267284107
164	 0.267274518
166	 0.267253020
168	 0.267221956
170	 0.267185846
172	 0.267152937
174	 0.267128388
176	 0.267113856
178	 0.267104418
180	 0.267095540
182	 0.267082626
184	 0.267064572
186	 0.267041111
188	 0.267016350
190	 0.266993912
192	 0.266976739
194	 0.266963371
196	 0.266952572
198	 0.266941651
200	 0.266929200
202	 0.266913222
204	 0.266895267
206	 0.266877132
208	 0.266861235
210	 0.266847152
212	 0.266835307
214	 0.266824587
216	 0.266814288
218	 0.266802185
220	 0.266788744
222	 0.266774534
224	 0.266760505
226	 0.266748085
228	 0.266736404
230	 0.266725853
232	 0.266715811
234	 0.266706210
236	 0.266695427
238	 0.266684068
240	 0.266672470
242	 0.266661692
244	 0.266650968
246	 0.266640990
248	 0.266631593
250	 0.266623001
252	 0.266613773
254	 0.266604294
256	 0.266594592
258	 0.266585405
260	 0.266575907
262	 0.266566796
264	 0.266558114
266	 0.266550270
268	 0.266542050
270	 0.266533800
272	 0.266525469
274	 0.266517099
276	 0.266509267
278	 0.266501107
280	 0.266493215
282	 0.266485576
284	 0.266478619
286	 0.266471246
288	 0.266463900
290	 0.266456552
292	 0.266449696
294	 0.266442447
296	 0.266435328
298	 0.266428386
300	 0.266422064
