19	-0.0000362587
21	-0.0001138582
23	-0.0014848352
25	-0.0002377157
27	-0.0001269368
29	-0.0000680596
31	-0.0000348997
33	-0.0000172779
35	-0.0000079879
37	-0.0000042974
39	-0.0000037226
41	-0.0000049684
43	-0.0000072772
45	-0.0000099243
47	-0.0000119268
49	-0.0000125843
51	-0.0000117743
53	-0.0000101916
55	-0.0000091201
57	-0.0000089191
59	-0.0000090457
61	-0.0000092426
63	-0.0000093960
65	-0.0000093492
67	-0.0000090703
69	-0.0000084981
71	-0.0000079513
73	-0.0000076888
75	-0.0000079938
77	-0.0000085538
79	-0.0000091825
81	-0.0000096040
83	-0.0000096993
85	-0.0000095116
87	-0.0000090697
89	-0.0000085885
91	-0.0000083101
93	-0.0000082761
95	-0.0000084598
97	-0.0000087344
99	-0.0000089335
101	-0.0000090001
103	-0.0000089588
105	-0.0000088060
107	-0.0000086410
109	-0.0000085651
111	-0.0000086022
113	-0.0000087320
115	-0.0000088456
117	-0.0000089459
119	-0.0000089546
121	-0.0000088660
123	-0.0000087289
125	-0.0000086366
127	-0.0000086108
129	-0.0000086359
131	-0.0000087011
133	-0.0000087884
135	-0.0000088393
137	-0.0000088597
139	-0.0000088224
141	-0.0000087446
143	-0.0000087100
145	-0.0000086925
147	-0.0000086861
149	-0.0000087204
151	-0.0000087408
153	-0.0000087851
155	-0.0000087849
157	-0.0000087879
159	-0.0000087401
161	-0.0000087091
163	-0.0000086771
165	-0.0000087031
167	-0.0000087246
169	-0.0000087756
171	-0.0000087317
173	-0.0000087597
175	-0.0000087569
177	-0.0000087359
179	-0.0000087181
181	-0.0000087026
183	-0.0000087332
185	-0.0000087408
187	-0.0000087522
189	-0.0000087606
191	-0.0000087335
193	-0.0000087426
195	-0.0000087498
197	-0.0000087233
199	-0.0000087101
201	-0.0000087064
203	-0.0000087448
205	-0.0000087118
207	-0.0000087469
209	-0.0000087295
211	-0.0000087212
213	-0.0000087332
215	-0.0000086960
217	-0.0000087354
219	-0.0000087230
221	-0.0000087385
223	-0.0000087275
225	-0.0000087460
227	-0.0000087374
229	-0.0000087297
231	-0.0000087398
233	-0.0000087050
235	-0.0000087224
237	-0.0000087241
239	-0.0000087356
241	-0.0000087295
243	-0.0000087146
245	-0.0000087411
247	-0.0000087277
249	-0.0000087394
251	-0.0000087175
253	-0.0000087165
255	-0.0000087331
257	-0.0000087268
259	-0.0000087278
261	-0.0000087331
263	-0.0000087192
265	-0.0000087271
267	-0.0000087414
269	-0.0000087318
271	-0.0000085324
273	-0.0000086394
275	-0.0000087374
277	-0.0000088226
279	-0.0000088919
281	-0.0000087229
283	-0.0000087212
285	-0.0000087165
287	-0.0000087227
289	-0.0000087341
291	-0.0000087120
293	-0.0000087259
295	-0.0000087303
297	-0.0000087239
299	-0.0000087067
