#k points	Total energy	TB energy	V energy (eV)
20	 0.285411497
22	 0.288890435
24	 0.285706584
26	 0.278929580
28	 0.271161892
30	 0.264466867
32	 0.260272231
34	 0.260665531
36	 0.266671520
38	 0.272583609
40	 0.275300496
42	 0.275794852
44	 0.274945391
46	 0.273239103
48	 0.271156256
50	 0.269475037
52	 0.269170755
54	 0.270253867
56	 0.271372772
58	 0.271682576
60	 0.271268181
62	 0.270443050
64	 0.269493944
66	 0.268704999
68	 0.268396861
70	 0.268744416
72	 0.269502123
74	 0.270147717
76	 0.270357587
78	 0.270115572
80	 0.269575318
82	 0.268942113
84	 0.268432305
86	 0.268215439
88	 0.268330426
90	 0.268632539
92	 0.268902224
94	 0.268990518
96	 0.268874920
98	 0.268618197
100	 0.268325983
102	 0.268103742
104	 0.268023793
106	 0.268083220
108	 0.268208599
110	 0.268302038
112	 0.268303884
114	 0.268207401
116	 0.268048853
118	 0.267886463
120	 0.267771492
122	 0.267732769
124	 0.267759913
126	 0.267813864
128	 0.267846997
130	 0.267832727
132	 0.267769683
134	 0.267679045
136	 0.267588473
138	 0.267524759
140	 0.267498659
142	 0.267503421
144	 0.267516727
146	 0.267518517
148	 0.267496892
150	 0.267453754
152	 0.267398312
154	 0.267346337
156	 0.267309398
158	 0.267291840
160	 0.267286599
162	 0.267284108
164	 0.267274518
166	 0.267253020
168	 0.267221956
170	 0.267185847
172	 0.267152937
174	 0.267128388
176	 0.267113856
178	 0.267104418
180	 0.267095540
182	 0.267082626
184	 0.267064573
186	 0.267041112
188	 0.267016351
190	 0.266993913
192	 0.266976739
194	 0.266963371
196	 0.266952572
198	 0.266941652
200	 0.266929201
202	 0.266913222
204	 0.266895267
206	 0.266877132
208	 0.266861235
210	 0.266847152
212	 0.266835307
214	 0.266824588
216	 0.266814289
218	 0.266802185
220	 0.266788744
222	 0.266774534
224	 0.266760506
226	 0.266748085
228	 0.266736404
230	 0.266725853
232	 0.266715811
234	 0.266706210
236	 0.266695427
238	 0.266684069
240	 0.266672470
242	 0.266661692
244	 0.266650968
246	 0.266640991
248	 0.266631594
250	 0.266623002
252	 0.266613773
254	 0.266604295
256	 0.266594592
258	 0.266585405
260	 0.266575908
262	 0.266566797
264	 0.266558115
266	 0.266550270
268	 0.266542050
270	 0.266533801
272	 0.266525470
274	 0.266517099
276	 0.266509267
278	 0.266501108
280	 0.266493216
282	 0.266485576
284	 0.266478619
286	 0.266471246
288	 0.266463900
290	 0.266456552
292	 0.266449697
294	 0.266442448
296	 0.266435328
298	 0.266428386
300	 0.266422065
