19	7.7834852353e-17
21	9.6326086265e-18
23	3.3861209533e-19
25	4.8376519207e-18
27	1.5648472298e-17
29	2.7136800887e-17
31	1.0085943616e-17
33	1.3541075443e-17
35	1.1069240113e-17
37	1.6994980388e-18
39	1.8329824861e-18
41	3.9348352665e-18
43	8.6935013425e-18
45	1.0382610532e-17
47	1.5016300882e-17
49	5.7024807681e-18
51	6.9489800720e-18
53	7.1209457034e-18
55	3.2015658961e-18
57	3.9283734846e-18
59	5.3510410516e-18
61	4.4835436653e-18
63	6.5870233819e-18
65	8.8262834695e-18
67	4.9040504575e-18
69	5.7435865121e-18
71	6.3676807887e-18
73	3.7787169764e-18
75	4.5804619177e-18
77	5.7760670980e-18
79	4.4703102185e-18
81	5.7963008014e-18
83	3.7523586824e-18
85	4.6121555104e-18
87	5.3068027126e-18
89	3.4500160392e-18
91	3.9703956148e-18
93	4.6945923500e-18
95	3.4902286906e-18
97	4.4003571292e-18
99	5.3070707704e-18
101	3.7433415157e-18
103	4.4260565646e-18
105	5.0657133441e-18
107	3.5703722104e-18
109	4.0852053034e-18
111	4.7195490564e-18
113	3.6835361131e-18
115	4.3393731167e-18
117	5.1102390339e-18
119	3.8365963065e-18
121	4.3563422358e-18
123	3.2390650192e-18
125	3.6772851831e-18
127	4.1871445611e-18
129	3.2645714698e-18
131	3.7509148319e-18
133	4.3175908400e-18
135	3.3266471041e-18
137	3.8419529966e-18
139	4.3085789896e-18
141	3.3489206713e-18
143	3.7847394480e-18
145	4.2451994332e-18
147	3.3654677656e-18
149	3.8054238078e-18
151	4.2990856788e-18
153	3.4240828494e-18
155	3.8343725423e-18
157	4.3098111796e-18
159	3.4710912729e-18
161	3.8241632455e-18
163	3.0722638511e-18
165	3.4571246342e-18
167	3.8434970080e-18
169	3.1626824472e-18
171	3.4520431332e-18
173	3.8668641954e-18
175	3.1855803599e-18
177	3.5236505740e-18
179	3.8670096166e-18
181	3.1809831326e-18
183	3.5579303553e-18
185	3.9043041369e-18
187	3.2418392664e-18
189	3.5751951146e-18
191	3.8919916713e-18
193	3.2674593679e-18
195	3.6086906436e-18
197	3.9010164830e-18
199	3.2736675966e-18
201	3.5697056016e-18
203	3.9492851162e-18
205	3.2855884218e-18
207	3.6225063278e-18
209	3.0614396505e-18
211	3.3214990171e-18
213	3.6244382806e-18
215	3.0539040251e-18
217	3.3710541174e-18
219	3.6367122586e-18
221	3.1170579156e-18
223	3.3709171872e-18
225	3.6759034499e-18
227	3.1444888421e-18
229	3.3991629585e-18
231	3.6904407895e-18
233	3.1368300322e-18
235	3.4166552056e-18
237	3.6845555518e-18
239	3.1965485216e-18
241	3.4363178074e-18
243	3.6758673867e-18
245	3.2301795259e-18
247	3.4555610735e-18
249	3.0174862062e-18
251	3.2204829057e-18
253	3.4646177257e-18
255	3.0323253562e-18
257	3.2507486638e-18
259	3.4885147814e-18
261	3.0559281557e-18
263	3.2632991440e-18
265	3.5108813390e-18
267	3.0771915963e-18
269	3.3008034133e-18
271	3.2812704189e-18
273	2.9954939566e-18
275	3.3253277216e-18
277	3.6878499171e-18
279	3.3751642423e-18
281	3.3194462358e-18
283	3.5392331217e-18
285	3.1267212193e-18
287	3.3467114380e-18
289	2.9710806355e-18
291	3.1424838794e-18
293	3.3803037300e-18
295	2.9891204536e-18
297	3.1758583474e-18
299	3.3558177059e-18
301	2.9845419266e-18
303	3.1945660383e-18
305	3.4259445023e-18
307	3.0268458306e-18
309	3.1625620820e-18
311	3.3533943326e-18
313	3.0371058212e-18
315	3.2255454821e-18
317	3.4267228864e-18
319	3.0370046813e-18
321	3.2609479900e-18
323	3.5186407149e-18
325	3.0627814659e-18
327	3.2822501221e-18
329	3.4536732718e-18
331	3.0707115850e-18
333	3.2674061478e-18
335	2.9369330387e-18
337	3.0773398485e-18
339	3.3344048159e-18
341	2.9205557355e-18
343	3.1533490199e-18
345	3.2914584985e-18
347	3.0058871068e-18
349	3.1281240510e-18
351	3.3252343515e-18
353	2.9667092409e-18
355	3.1655743655e-18
357	3.3268132561e-18
359	2.9887562776e-18
361	3.1879311937e-18
363	3.3400694110e-18
365	3.0488630294e-18
367	3.2065019073e-18
369	3.3277607481e-18
371	3.0479653056e-18
373	3.1968526608e-18
375	2.9998015658e-18
377	3.0207997352e-18
379	3.2421662191e-18
381	2.9744101216e-18
383	3.1026071046e-18
385	3.2258038603e-18
387	2.9029662647e-18
389	3.0743012080e-18
391	3.2563235142e-18
393	2.9840223607e-18
395	3.1051529883e-18
397	3.2618226705e-18
399	2.9857472147e-18
