5	5.9542606556e-16
5	5.5645290210e-16
5	5.1745869878e-16
5	4.7924512531e-16
5	4.4242890388e-16
5	4.0745501694e-16
5	3.7460875436e-16
5	3.4404844007e-16
5	9.7300408038e-16
5	9.5310183255e-16
5	9.3150274553e-16
5	9.0849916924e-16
5	8.8435770406e-16
5	8.5930772510e-16
5	8.3355992799e-16
5	8.0730553511e-16
5	7.8071759949e-16
5	7.5395203617e-16
5	7.2715490832e-16
5	7.0045418445e-16
5	1.0319565946e-15
5	1.0182308600e-15
5	1.0036833070e-15
5	9.8841324386e-16
5	9.7250927972e-16
5	9.5605225392e-16
5	9.3911782087e-16
5	9.2177305082e-16
5	9.0408217908e-16
5	8.8610354498e-16
5	8.6789118255e-16
5	8.4949584388e-16
5	1.0560348887e-15
5	1.0460036519e-15
5	1.0354668733e-15
5	1.0244699384e-15
5	1.0130545537e-15
5	1.0012581513e-15
5	9.8911677668e-16
5	9.7666548807e-16
5	9.6393275532e-16
5	9.5095076443e-16
5	9.3774539917e-16
5	9.2434387095e-16
5	1.0696942025e-15
5	1.0618906612e-15
5	1.0537395698e-15
5	1.0452661175e-15
5	1.0364918641e-15
5	1.0274394070e-15
5	1.0181282559e-15
5	1.0085790462e-15
5	9.9880878110e-16
5	9.8883514170e-16
5	9.7867404566e-16
5	1.0847753219e-15
