19	5.9639516332e-17
21	1.1827489204e-17
23	6.6704690271e-20
25	1.3644799522e-17
27	1.6386832916e-17
29	2.7512972335e-17
31	9.7404731429e-18
33	1.0502859958e-17
35	8.4211433758e-18
37	8.5785560409e-20
39	1.1492181343e-18
41	3.8919627841e-18
43	7.6348582043e-18
45	6.7771435574e-18
47	8.2384817105e-18
49	2.5065375787e-18
51	3.0831749134e-18
53	3.8060125371e-18
55	1.3437435184e-18
57	2.5921565740e-18
59	4.6739470989e-18
61	4.0574855579e-18
63	5.4621645320e-18
65	6.4636617489e-18
67	2.8707142000e-18
69	3.4488553161e-18
71	4.1837191079e-18
73	2.2288261440e-18
75	3.0739479038e-18
77	4.1916781891e-18
79	2.9837631881e-18
81	3.8077664184e-18
83	2.1740938182e-18
85	2.7538137187e-18
87	3.3920040164e-18
89	1.9970834494e-18
91	2.5734292920e-18
93	3.2828262898e-18
95	2.3202818398e-18
97	2.8785967508e-18
99	3.4440706487e-18
101	2.2131489646e-18
103	2.7008983963e-18
105	3.2571165176e-18
107	2.1100901895e-18
109	2.6053282675e-18
111	3.1758571195e-18
113	2.3351437823e-18
115	2.7963704605e-18
117	3.2718029131e-18
119	2.2612491015e-18
121	2.6967312212e-18
123	1.8531573291e-18
125	2.2281909689e-18
127	2.6519172623e-18
129	1.9727175157e-18
131	2.3478519181e-18
133	2.7404589126e-18
135	1.9413784861e-18
137	2.2735655457e-18
139	2.6793825261e-18
141	1.9572231613e-18
143	2.2963212243e-18
145	2.6682744443e-18
147	2.0324384336e-18
149	2.3621526282e-18
151	2.7095700322e-18
153	2.0159017035e-18
155	2.3339354589e-18
157	2.6766833874e-18
159	2.0343869210e-18
161	2.3412753809e-18
163	1.8002351481e-18
165	2.0792812878e-18
167	2.3757873734e-18
169	1.8092215158e-18
171	2.0767416477e-18
173	2.3633081398e-18
175	1.8320082140e-18
177	2.0925335540e-18
179	2.3707823026e-18
181	1.8686625145e-18
183	2.1233378725e-18
185	2.3927139644e-18
187	1.8757391128e-18
189	2.1271034263e-18
191	2.3916934122e-18
193	1.8978692594e-18
195	2.1342232273e-18
197	2.3958000352e-18
199	1.9267159508e-18
201	2.1617196833e-18
203	2.4082191988e-18
205	1.9379529117e-18
207	2.1676936996e-18
209	1.7438298715e-18
211	1.9538267978e-18
213	2.1741806720e-18
215	1.7688612454e-18
217	1.9767777556e-18
219	2.1943743542e-18
221	1.7847673624e-18
223	1.9876244159e-18
225	2.2017971848e-18
227	1.8043363161e-18
229	2.0013370078e-18
231	2.2116501736e-18
233	1.8256329512e-18
235	2.0203604582e-18
237	2.2224545964e-18
239	1.8405000392e-18
241	2.0310467884e-18
243	2.2312854801e-18
245	1.8444196463e-18
247	2.0440028763e-18
249	1.6981713002e-18
251	1.8755838714e-18
253	2.0564154649e-18
255	1.7178986935e-18
257	1.8887964310e-18
259	2.0683856118e-18
261	1.7353885222e-18
263	1.9032411006e-18
265	2.0797379811e-18
267	1.7544726248e-18
269	1.9189667576e-18
271	2.0914724978e-18
273	1.7694372180e-18
275	1.9317521630e-18
277	2.1018374269e-18
279	1.7848782074e-18
281	1.9450168277e-18
283	2.1110061561e-18
285	1.8013795997e-18
287	1.9572120294e-18
289	1.6675833332e-18
291	1.8148561218e-18
293	1.9702782844e-18
295	1.6816533716e-18
297	1.8299742658e-18
299	1.9816417069e-18
