19	1.0526387696e-16
21	1.2276675738e-17
23	6.6686202462e-20
25	1.3618324196e-17
27	1.6250263536e-17
29	2.7102234016e-17
31	9.5132518458e-18
33	9.9630569918e-18
35	8.2524589739e-18
37	8.8857615737e-20
39	1.2297199891e-18
41	4.2762277276e-18
43	8.6270334886e-18
45	7.0891393218e-18
47	7.9009659225e-18
49	2.3176507337e-18
51	2.8274940626e-18
53	3.7588973366e-18
55	1.4708382216e-18
57	2.8038832932e-18
59	5.0505042402e-18
61	4.3272007178e-18
63	5.6278022097e-18
65	6.4732132977e-18
67	2.7506407662e-18
69	3.3927902481e-18
71	4.2600585168e-18
73	2.4329422487e-18
75	3.3766977398e-18
77	4.5835196874e-18
79	3.1555097618e-18
81	3.8984841971e-18
83	2.2105549349e-18
85	2.7341640062e-18
87	3.4096389851e-18
89	2.0868705594e-18
91	2.7424632974e-18
93	3.5172080528e-18
95	2.5055316468e-18
97	3.0113686905e-18
99	3.5771482015e-18
101	2.3074249386e-18
103	2.7725730881e-18
105	3.3373189894e-18
107	2.2249830279e-18
109	2.7788248914e-18
111	3.3991348852e-18
113	2.4696774984e-18
115	2.9508524182e-18
117	3.3572696852e-18
119	2.2854927081e-18
121	2.7632211599e-18
123	1.9375684076e-18
125	2.3405750348e-18
127	2.7803553306e-18
129	2.0752602333e-18
131	2.4911303159e-18
133	2.8824224455e-18
135	2.0398092098e-18
137	2.3555238853e-18
139	2.7682348794e-18
141	2.0517971055e-18
143	2.3880531646e-18
145	2.7748161520e-18
147	2.1453334665e-18
149	2.4963344042e-18
151	2.8366884983e-18
153	2.1121863745e-18
155	2.4440330384e-18
157	2.7537386416e-18
159	2.1008960814e-18
161	2.4543459859e-18
163	1.9116044649e-18
165	2.1909281516e-18
167	2.5098404398e-18
169	1.8763758667e-18
171	2.2241179873e-18
173	2.4817270014e-18
175	1.9134817906e-18
177	2.1828541023e-18
179	2.4871560423e-18
181	1.9784732170e-18
183	2.2064259736e-18
185	2.4979375053e-18
187	1.9638946414e-18
189	2.2153642309e-18
191	2.5136835828e-18
193	1.9859481612e-18
195	2.2081542981e-18
197	2.5116697919e-18
199	2.0328145860e-18
201	2.2930095376e-18
203	2.4969990272e-18
205	2.0594812670e-18
207	2.2632512538e-18
209	1.8261844658e-18
211	2.0641338830e-18
213	2.2853427095e-18
215	1.8855175959e-18
217	2.0597665948e-18
219	2.3094662086e-18
221	1.8667895216e-18
223	2.0931589215e-18
225	2.2909078090e-18
227	1.8877026589e-18
229	2.1002355119e-18
231	2.2983290991e-18
233	1.9407576791e-18
235	2.1208854985e-18
237	2.3333384076e-18
239	1.9203092886e-18
241	2.1307674499e-18
243	2.3609600741e-18
245	1.9281409424e-18
247	2.1423593904e-18
249	1.7663319099e-18
251	1.9776790696e-18
253	2.1658223940e-18
255	1.7941911042e-18
257	1.9824633064e-18
259	2.1684807484e-18
261	1.8149585940e-18
263	2.0059215395e-18
265	2.1731324497e-18
267	1.8350697777e-18
269	2.0035893690e-18
271	2.4308710684e-18
273	1.9550143974e-18
275	2.0104459361e-18
277	2.0481931597e-18
279	1.6143058565e-18
281	2.0480232488e-18
283	2.2206891861e-18
285	1.8998346944e-18
287	2.0519610703e-18
289	1.7373088007e-18
291	1.9184718307e-18
293	2.0465795777e-18
295	1.7597476293e-18
297	1.9197244286e-18
299	2.0992660069e-18
301	1.8026154621e-18
303	1.9343177981e-18
305	2.0569487662e-18
307	1.7966274407e-18
309	1.9974212246e-18
311	2.1549788804e-18
313	1.8226800794e-18
315	1.9654746735e-18
317	2.1069345384e-18
319	1.8574627869e-18
321	1.9600800074e-18
323	2.0399309878e-18
325	1.8647127206e-18
327	1.9670334478e-18
329	2.1280212520e-18
331	1.8895751124e-18
333	2.0098748738e-18
335	1.7521594845e-18
337	1.9144715886e-18
339	1.9700440850e-18
341	1.8027728421e-18
343	1.8686106452e-18
345	2.0387544061e-18
347	1.7512546067e-18
349	1.9236165482e-18
351	2.0303678208e-18
353	1.8229497979e-18
355	1.9149387915e-18
357	2.0535026367e-18
359	1.8322995073e-18
361	1.9201999000e-18
363	2.0638210213e-18
365	1.8031063604e-18
367	1.9288011646e-18
369	2.0992756624e-18
371	1.8338637801e-18
373	1.9648001031e-18
375	1.6425391945e-18
377	1.8899143165e-18
379	1.9448630800e-18
381	1.6995059110e-18
383	1.8364836050e-18
385	1.9861311298e-18
387	1.8015128960e-18
389	1.8922950917e-18
391	1.9798316150e-18
393	1.7501707838e-18
395	1.8880929489e-18
397	1.9977270237e-18
399	1.7775925754e-18
