19	1.2345900385e-16
21	1.0081793818e-17
23	3.3850752795e-19
25	4.8111052671e-18
27	1.5511905778e-17
29	2.6726054867e-17
31	9.8587257572e-18
33	1.3001275345e-17
35	1.0900557487e-17
37	1.7025701416e-18
39	1.9134847234e-18
41	4.3191013209e-18
43	9.6856784831e-18
45	1.0694608230e-17
47	1.4678787079e-17
49	5.5135946730e-18
51	6.6933000936e-18
53	7.0738314806e-18
55	3.3286610939e-18
57	4.1401010532e-18
59	5.7275995642e-18
61	4.7532600638e-18
63	6.7526626660e-18
65	8.8358367826e-18
67	4.7839778351e-18
69	5.6875224322e-18
71	6.4440213895e-18
73	3.9828338211e-18
75	4.8832127478e-18
77	6.1679099008e-18
79	4.6420577241e-18
81	5.8870197229e-18
83	3.7888204779e-18
85	4.5925066222e-18
87	5.3244386889e-18
89	3.5398037778e-18
91	4.1394304375e-18
93	4.9289751430e-18
95	3.6754792426e-18
97	4.5331299602e-18
99	5.4401493774e-18
101	3.8376181893e-18
103	4.4977320852e-18
105	5.1459168015e-18
107	3.6852657211e-18
109	4.2587027615e-18
111	4.9428278271e-18
113	3.8180705690e-18
115	4.4938559569e-18
117	5.1957068055e-18
119	3.8608405950e-18
121	4.4228330021e-18
123	3.3234766907e-18
125	3.7896699564e-18
127	4.3155834608e-18
129	3.3671148206e-18
131	3.8941939801e-18
133	4.4595552339e-18
135	3.4250784486e-18
137	3.9239120536e-18
139	4.3974321734e-18
141	3.4434952395e-18
143	3.8764721064e-18
145	4.3517419726e-18
147	3.4783634512e-18
149	3.9396063340e-18
151	4.4262049944e-18
153	3.5203681684e-18
155	3.9444708584e-18
157	4.3868672633e-18
159	3.5376010596e-18
161	3.9372345929e-18
163	3.1836337544e-18
165	3.5687721697e-18
167	3.9775508279e-18
169	3.2298373629e-18
171	3.5994201405e-18
173	3.9852838089e-18
175	3.2670545236e-18
177	3.6139717894e-18
179	3.9833841082e-18
181	3.2907944341e-18
183	3.6410191191e-18
185	4.0095284352e-18
187	3.3299953895e-18
189	3.6634565899e-18
191	4.0139825936e-18
193	3.3555388720e-18
195	3.6826223884e-18
197	4.0168869994e-18
199	3.3797668433e-18
201	3.7009961442e-18
203	4.0380656933e-18
205	3.4071174121e-18
207	3.7180645685e-18
209	3.1437947946e-18
211	3.4318067264e-18
213	3.7356010131e-18
215	3.1705609557e-18
217	3.4540435843e-18
219	3.7518048136e-18
221	3.1990806483e-18
223	3.4764523310e-18
225	3.7650147718e-18
227	3.2278557589e-18
229	3.4980621020e-18
231	3.7771204116e-18
233	3.2519553511e-18
235	3.5171808938e-18
237	3.7954400739e-18
239	3.2763583625e-18
241	3.5360391130e-18
243	3.8055426952e-18
245	3.3139014134e-18
247	3.5539182368e-18
249	3.0856473546e-18
251	3.3225787041e-18
253	3.5740253159e-18
255	3.1086183203e-18
257	3.3444161443e-18
259	3.5886105760e-18
261	3.1354987788e-18
263	3.3659801855e-18
265	3.6042764651e-18
267	3.1577893031e-18
269	3.3854266344e-18
271	3.6206697201e-18
273	3.1810717284e-18
275	3.4040221073e-18
277	3.6342062760e-18
279	3.2045923885e-18
281	3.4224532733e-18
283	3.6489168268e-18
285	3.2251768939e-18
287	3.4414611080e-18
289	3.0408066306e-18
291	3.2461001723e-18
293	3.4566056378e-18
295	3.0672152511e-18
297	3.2656090973e-18
299	3.4734426426e-18
301	3.0866389366e-18
303	3.2912763174e-18
305	3.4890059507e-18
307	3.1085185179e-18
309	3.3033395559e-18
311	3.5056010940e-18
313	3.1295674217e-18
315	3.3215485392e-18
317	3.5191623545e-18
319	3.1502390794e-18
321	3.3392240011e-18
323	3.5332035910e-18
325	3.1728151388e-18
327	3.3554222952e-18
329	3.5475818232e-18
331	3.1879109097e-18
333	3.3719215476e-18
335	3.0306290720e-18
337	3.2072231900e-18
339	3.3872687451e-18
341	3.0507785866e-18
343	3.2242742732e-18
345	3.4039642212e-18
347	3.0700883218e-18
349	3.2416206671e-18
351	3.4173843830e-18
353	3.0948959154e-18
355	3.2603678613e-18
357	3.4316766828e-18
359	3.1078713327e-18
361	3.2770958887e-18
363	3.4457715247e-18
365	3.1259375575e-18
367	3.2906161155e-18
369	3.4592661331e-18
371	3.1434540755e-18
373	3.3053971087e-18
375	3.0042064357e-18
377	3.1607448890e-18
379	3.3209803423e-18
381	3.0225637087e-18
383	3.1766598195e-18
385	3.3352176750e-18
387	3.0412684827e-18
389	3.1924997520e-18
391	3.3483618152e-18
393	3.0581290996e-18
395	3.2090208461e-18
397	3.3621671923e-18
399	3.0752781252e-18
