59	4.0990241790e+10
61	3.5534966112e+10
63	4.7614831711e+10
65	5.7687598605e+10
67	2.9633033519e+10
69	3.4409893222e+10
71	3.9064168049e+10
73	2.3619962690e+10
75	2.9566456147e+10
77	3.7565187096e+10
79	2.8501201901e+10
81	3.5324433433e+10
83	2.2363243801e+10
85	2.6915337916e+10
87	3.1251604200e+10
89	2.0501314183e+10
91	2.4387140134e+10
93	2.9267768466e+10
95	2.2040798696e+10
97	2.6715753132e+10
99	3.1397313761e+10
101	2.2020076887e+10
103	2.5719646172e+10
105	2.9501173286e+10
107	2.0968224947e+10
109	2.4434483886e+10
111	2.8434382597e+10
113	2.2177694263e+10
115	2.5849676368e+10
117	2.9538797950e+10
119	2.1949677773e+10
121	2.5137005740e+10
123	1.8771212753e+10
125	2.1512244746e+10
127	2.4558396591e+10
129	1.9314791328e+10
131	2.2266253938e+10
133	2.5328109010e+10
135	1.9348043465e+10
137	2.2045026113e+10
139	2.4842524156e+10
141	1.9420797309e+10
143	2.1920208983e+10
145	2.4620831465e+10
147	1.9782749593e+10
149	2.2347728530e+10
151	2.4999433054e+10
153	1.9833190875e+10
155	2.2228311338e+10
157	2.4719326797e+10
159	1.9927855585e+10
161	2.2205121791e+10
163	1.7997157208e+10
165	2.0174508814e+10
167	2.2448595982e+10
169	1.8165176636e+10
171	2.0246178973e+10
173	2.2408163936e+10
175	1.8351540323e+10
177	2.0330286202e+10
179	2.2411103606e+10
181	1.8544642546e+10
183	2.0516185474e+10
185	2.2564713398e+10
187	1.8686279099e+10
189	2.0587917245e+10
191	2.2560194101e+10
193	1.8833945720e+10
195	2.0662716880e+10
197	2.2571969615e+10
199	1.9003918746e+10
201	2.0808958081e+10
203	2.2677605326e+10
205	1.9121806918e+10
207	2.0873719521e+10
209	1.7616756239e+10
211	1.9247739849e+10
213	2.0943782906e+10
215	1.7783268212e+10
217	1.9391882670e+10
219	2.1058592304e+10
221	1.7923737930e+10
223	1.9493527782e+10
225	2.1117668642e+10
227	1.8078651521e+10
229	1.9603397365e+10
231	2.1182600681e+10
233	1.8224166402e+10
235	1.9724259612e+10
237	2.1273529766e+10
239	1.8348133814e+10
241	1.9814811924e+10
243	2.1328567029e+10
245	1.8480536811e+10
247	1.9910631166e+10
249	1.7246499128e+10
251	1.8607659224e+10
253	2.0013083558e+10
255	1.7383729141e+10
257	1.8718183355e+10
259	2.0094671971e+10
261	1.7527302059e+10
263	1.8832593589e+10
265	2.0178453688e+10
267	1.7660690711e+10
269	1.8944531803e+10
271	2.0266673927e+10
273	1.7783273652e+10
275	1.9043345943e+10
277	2.0340162182e+10
279	1.7908784579e+10
281	1.9143691306e+10
283	2.0414054621e+10
285	1.8027967039e+10
287	1.9242732754e+10
289	1.6977749435e+10
291	1.8137930961e+10
293	1.9331388305e+10
295	1.7109446818e+10
297	1.8249044718e+10
299	1.9420410911e+10
