19	8.3918983700e-17
21	1.1304637497e-17
23	2.6505626536e-19
25	9.7946640171e-18
27	1.6700664020e-17
29	2.7768170098e-17
31	9.9390481489e-18
33	1.1823625837e-17
35	9.6673754495e-18
37	8.9642653679e-19
39	1.5314329609e-18
41	4.1018000882e-18
43	8.6427862919e-18
45	8.7496716865e-18
47	1.1479261422e-17
49	4.0220496058e-18
51	4.9021341468e-18
53	5.4510849608e-18
55	2.3418976685e-18
57	3.3733559860e-18
59	5.2101371996e-18
61	4.4147282105e-18
63	6.1200566814e-18
65	7.6631922591e-18
67	3.8345316300e-18
69	4.5758844953e-18
71	5.3209808468e-18
73	3.1104916223e-18
75	3.9848436902e-18
77	5.1881430779e-18
79	3.8202364403e-18
81	4.8575255590e-18
83	2.9874155312e-18
85	3.6808397892e-18
87	4.3669009854e-18
89	2.7732299627e-18
91	3.3622931990e-18
93	4.1130279123e-18
95	3.0026586483e-18
97	3.7124442802e-18
99	4.4504045573e-18
101	3.0306963360e-18
103	3.6060256194e-18
105	4.2093566325e-18
107	2.9026286373e-18
109	3.4381596388e-18
111	4.0667674557e-18
113	3.0818558128e-18
115	3.6518214671e-18
117	4.2417999389e-18
119	3.0664590294e-18
121	3.5663452234e-18
123	2.5924036940e-18
125	3.0140491474e-18
127	3.4899365887e-18
129	2.6740266493e-18
131	3.1263371367e-18
133	3.6065358601e-18
135	2.6875671987e-18
137	3.1041843812e-18
139	3.5448765925e-18
141	2.7047134791e-18
143	3.0917132335e-18
145	3.5163012769e-18
147	2.7597876885e-18
149	3.1563001314e-18
151	3.5743356475e-18
153	2.7726474803e-18
155	3.1446739012e-18
157	3.5381673176e-18
159	2.7905263558e-18
161	3.1446738177e-18
163	2.4956131813e-18
165	2.8286067532e-18
167	3.1821628998e-18
169	2.5233266832e-18
171	2.8427508427e-18
173	3.1798239720e-18
175	2.5534091421e-18
177	2.8579413949e-18
179	3.1825855267e-18
181	2.5836478791e-18
183	2.8869104575e-18
185	3.2066708287e-18
187	2.6068768815e-18
189	2.9000734440e-18
191	3.2084105715e-18
193	2.6307736089e-18
195	2.9132423297e-18
197	3.2119072610e-18
199	2.6573577297e-18
201	2.9362152104e-18
203	3.2287421522e-18
205	2.6767169940e-18
207	2.9477801928e-18
209	2.4473562410e-18
211	2.6970507316e-18
213	2.9598200780e-18
215	2.4733128438e-18
217	2.7196892742e-18
219	2.9780494804e-18
221	2.4955936538e-18
223	2.7363692320e-18
225	2.9883989708e-18
227	2.5198309871e-18
229	2.7540756270e-18
231	2.9994009604e-18
233	2.5425820041e-18
235	2.7731866768e-18
237	3.0139952909e-18
239	2.5622740612e-18
241	2.7880019395e-18
243	3.0234870301e-18
245	2.5830756026e-18
247	2.8034574468e-18
249	2.3952759610e-18
251	2.6030295633e-18
253	2.8197556509e-18
255	2.4166846616e-18
257	2.6206037130e-18
259	2.8330682729e-18
261	2.4389316644e-18
263	2.6386565574e-18
265	2.8466106850e-18
267	2.4596726519e-18
269	2.6562849688e-18
271	2.8607080552e-18
273	2.4788496231e-18
275	2.6720179126e-18
277	2.8726896482e-18
279	2.4983843191e-18
281	2.6879070377e-18
283	2.8846587196e-18
285	2.5169751431e-18
287	2.7035486097e-18
289	2.3574366861e-18
291	2.5342224209e-18
293	2.7176904741e-18
295	2.3777350425e-18
297	2.5515823172e-18
299	2.7318270465e-18
301	2.3969298012e-18
303	2.5682807845e-18
305	2.7457659959e-18
307	2.4151386003e-18
309	2.5838687216e-18
311	2.7585409697e-18
313	2.4333456441e-18
315	2.5994283268e-18
317	2.7712143541e-18
319	2.4507336117e-18
321	2.6144721862e-18
323	2.7837028182e-18
325	2.4672928659e-18
327	2.6286376271e-18
329	2.7952950242e-18
331	2.4837332788e-18
333	2.6426731557e-18
335	2.3477454224e-18
337	2.4995394234e-18
339	2.6562923633e-18
341	2.3649116906e-18
343	2.5146538405e-18
345	2.6692102962e-18
347	2.3818653932e-18
349	2.5295848193e-18
351	2.6819368136e-18
353	2.3981759569e-18
355	2.5440127591e-18
357	2.6943257023e-18
359	2.4139122132e-18
361	2.5578583966e-18
363	2.7061447097e-18
365	2.4294116205e-18
367	2.5714793743e-18
369	2.7177478223e-18
371	2.4443834321e-18
373	2.5846891839e-18
375	2.3242914211e-18
377	2.4588658935e-18
379	2.5974123629e-18
381	2.3401237660e-18
383	2.4730929292e-18
385	2.6098982473e-18
387	2.3554494050e-18
389	2.4868834530e-18
391	2.6220403355e-18
393	2.3703479648e-18
395	2.5002459778e-18
397	2.6337687146e-18
399	2.3849620962e-18
