59	4.0842896280e+10
61	3.5384546578e+10
63	4.7418277972e+10
65	5.7485249276e+10
67	2.9522118491e+10
69	3.4294275088e+10
71	3.8959814827e+10
73	2.3549269703e+10
75	2.9473618022e+10
77	3.7444357648e+10
79	2.8392033003e+10
81	3.5177215772e+10
83	2.2274162720e+10
85	2.6803167949e+10
87	3.1127507831e+10
89	2.0430654962e+10
91	2.4302203483e+10
93	2.9166456963e+10
95	2.1970764242e+10
97	2.6621167309e+10
99	3.1280414413e+10
101	2.1942990684e+10
103	2.5624052176e+10
105	2.9391410564e+10
107	2.0896807348e+10
109	2.4347273597e+10
111	2.8330679218e+10
113	2.2102268893e+10
115	2.5754835873e+10
117	2.9426884562e+10
119	2.1872283720e+10
121	2.5044612955e+10
123	1.8712128663e+10
125	2.1439288290e+10
127	2.4471453993e+10
129	1.9255510642e+10
131	2.2190672005e+10
133	2.5236534306e+10
135	1.9285675264e+10
137	2.1967795337e+10
139	2.4751975920e+10
141	1.9358368538e+10
143	2.1844933641e+10
145	2.4532827284e+10
147	1.9719962551e+10
149	2.2271083871e+10
151	2.4909359927e+10
153	1.9768736968e+10
155	2.2151086205e+10
157	2.4630135919e+10
159	1.9863226323e+10
161	2.2128709864e+10
163	1.7944192259e+10
165	2.0109281865e+10
167	2.2371199981e+10
169	1.8110599394e+10
171	2.0179765961e+10
173	2.2330368655e+10
175	1.8295896437e+10
177	2.0263685034e+10
179	2.2333727051e+10
181	1.8488474618e+10
183	2.0449036112e+10
185	2.2486726724e+10
187	1.8628894105e+10
189	2.0519966783e+10
191	2.2481942893e+10
193	1.8775775703e+10
195	2.0594458186e+10
197	2.2493886770e+10
199	1.8945142648e+10
201	2.0740219442e+10
203	2.2599061530e+10
205	1.9062158944e+10
207	2.0804418199e+10
209	1.7565827582e+10
211	1.9187408329e+10
213	2.0874133421e+10
215	1.7731567050e+10
217	1.9330969589e+10
219	2.0988556683e+10
221	1.7871119146e+10
223	1.9431924844e+10
225	2.1047212424e+10
227	1.8025152442e+10
229	1.9541202517e+10
231	2.1111867119e+10
233	1.8169961775e+10
235	1.9661545252e+10
237	2.1202381272e+10
239	1.8293164234e+10
241	1.9751533969e+10
243	2.1257106198e+10
245	1.8424612717e+10
247	1.9846859963e+10
249	1.7198107280e+10
251	1.8551308051e+10
253	1.9948810642e+10
255	1.7334528942e+10
257	1.8661176198e+10
259	2.0029945419e+10
261	1.7477259838e+10
263	1.8774938975e+10
265	2.0113295107e+10
267	1.7609922927e+10
269	1.8886315859e+10
271	2.0201079043e+10
273	1.7731782682e+10
275	1.8984565667e+10
277	2.0274167582e+10
279	1.7856564140e+10
281	1.9084364215e+10
283	2.0347678964e+10
285	1.7975102279e+10
287	1.9182874172e+10
289	1.6931144775e+10
291	1.8084428235e+10
293	1.9271048534e+10
295	1.7062032987e+10
297	1.8194918013e+10
299	1.9359590544e+10
