SCF BASIS
16 19
0 0 10 2.0 1.0
1273410.9023000              0.11767088246E-04
 190697.8300700              0.91478610166E-04
  43397.8853300              0.48090078640E-03
  12291.8096770              0.20257193592D-02
   4009.7420824              0.73190096406D-02
   1447.3531030              0.23300499900D-01
    564.30102913             0.65386213610D-01
    233.74506243             0.15614449910
    101.56402814             0.29318563787
     45.805907187            0.36287914289
0 0 3 2.0 1.0
    394.27281503             0.18753305081D-01
    121.72249591             0.16870726663
     46.754125963            0.63806830653
0 0 1 2.0 1.0
     20.923008254            1.0000000
0 0 1 0.0 1.0
      8.2685567800           1.0000000
0 0 1 0.0 1.0
      3.8629345671           1.0000000
0 0 1 0.0 1.0
      1.7794684781           1.0000000
0 0 1 0.0 1.0
      0.61064260103          1.0000000
0 0 1 0.0 1.0
      0.27412269445          1.0000000
0 0 1 0.0 1.0
      0.11325939107          1.0000000
0 2 8 6.0 1.0
   2189.8930459              0.23912552864D-03
    518.94596592             0.20772032158D-02
    168.19560151             0.11242420571D-01
     63.745282788            0.44069933941D-01
     26.597033077            0.12918778608
     11.774251449            0.26910820167
      5.3534379024           0.37855928620
      2.4701911802           0.29692134655
0 2 2 4.0 1.0
     82.120288349           -0.39420318847D-01
      4.9523532869           0.64048403090
0 2 1 0.0 1.0
      1.0828262029           1.0000000
0 2 1 0.0 1.0
      0.49271277356          1.0000000
0 2 1 0.0 1.0
      0.20483450942          1.0000000
0 2 1 0.0 1.0
      0.80743615716D-01      1.0000000
0 3 1 0.0 1.0
      4.15900000             1.0000000
0 3 1 0.0 1.0
      1.01900000             1.0000000
0 3 1 0.0 1.0
      0.464000000            1.0000000
0 3 1 0.0 1.0
      0.194000000            1.0000000
242 12
INPUT
14. 0 2 4 4 2 0
  10.097000 180.076853 0
   4.375670  24.715920 0
   9.126564  41.227678 0
   8.863223  82.452670 0
   4.044948   6.345092 0
   3.866657  12.458423 0
   7.535754  19.308744 0
   7.278976  28.977674 0
   2.763205   3.189516 0
   2.772085   4.700169 0
   6.306633  -7.178888 0
   6.356448  -9.745978 0
0 0 2 2 1.0
  14.0000000000     -0.224900434060
  12.5000000000      0.331512485550
0 0 1 2 1.0
  4.25053415000      1.000000000000
0 0 1 0 1.0
  0.65151308000      1.000000000000
0 0 1 0 1.0
  0.18122290000      1.000000000000
0 2 4 6 1.0
  8.89311179150      0.069994449475
  5.46891122700     -0.235471418830
  1.35484730070      0.463154600070
  0.65494867461      0.488201847100
0 2 1 0 1.0
  0.46348506000      1.000000000000
0 2 1 0 1.0
  0.24987406000      1.000000000000
0 2 1 0 1.0
  0.1                1.000000000000
0 3 3 4 1.0
  5.00444454970     -0.021587364862
  1.77368233240      0.209586800860
  0.76950591696      0.437308805990
0 3 1 0 1.0
  0.56023361000      1.000000000000
0 3 1 0 1.0
  0.20486424000      1.000000000000
0 4 1 0 1.0
  0.55911598000      1.000000000000


AUXILIARY BASIS
16 22
0 0 10 0 1.0
1273410.9023000              0.11767088246D-04
 190697.8300700              0.91478610166D-04
  43397.8853300              0.48090078640D-03
  12291.8096770              0.20257193592D-02
   4009.7420824              0.73190096406D-02
   1447.3531030              0.23300499900D-01
    564.30102913             0.65386213610D-01
    233.74506243             0.15614449910
    101.56402814             0.29318563787
     45.805907187            0.36287914289
0 0 3 0 1.0
    394.27281503             0.18753305081D-01
    121.72249591             0.16870726663
     46.754125963            0.63806830653
0 0 1 0 1.0
     20.923008254            1.0000000
0 0 1 0 1.0
      8.2685567800           1.0000000
0 0 1 0 1.0
      3.8629345671           1.0000000
0 0 1 0 1.0
      1.7794684781           1.0000000
0 0 1 0 1.0
      0.61064260103          1.0000000
0 0 1 0 1.0
      0.27412269445          1.0000000
0 0 1 0 1.0
      0.11325939107          1.0000000
0 2 8 0 1.0
   2189.8930459              0.23912552864D-03
    518.94596592             0.20772032158D-02
    168.19560151             0.11242420571D-01
     63.745282788            0.44069933941D-01
     26.597033077            0.12918778608
     11.774251449            0.26910820167
      5.3534379024           0.37855928620
      2.4701911802           0.29692134655
0 2 2 0 1.0
     82.120288349           -0.39420318847D-01
      4.9523532869           0.64048403090
0 2 1 0 1.0
      1.0828262029           1.0000000
0 2 1 0 1.0
      0.49271277356          1.0000000
0 2 1 0 1.0
      0.20483450942          1.0000000
0 2 1 0 1.0
      0.80743615716D-01      1.0000000
0 3 1 0 1.0
      4.15900000             1.0000000
0 3 1 0 1.0
      1.01900000             1.0000000
0 3 1 0 1.0
      0.464000000            1.0000000
0 3 1 0 1.0
      0.194000000            1.0000000
0 4 1 0 1.0
      0.869000000            1.0000000
0 4 1 0 1.0
      0.335000000            1.0000000
0 5 1 0 1.0
      0.683000000            1.0000000
242 20
INPUT
14 0 4 4 4 2 0
9.7145938 180.10310850 2
4.6805004 24.99722791 2
9.4500000 24.80517707 2
4.7200000 4.15378155 2
8.1421366 123.77275231 2
4.6259863 19.53022800 2
9.4500000 24.80517707 2
4.7200000 4.15378155 2
6.6184148 48.37502229 2
3.2487516 8.89205274 2
9.4500000 24.80517707 2
4.7200000 4.15378155 2
9.4500000 -24.80517707 2
4.7200000 -4.15378155 2
0 0 3 0 1.0
     15.000000000            0.57082903143D-01
     13.500000000           -0.66824799324
     12.571764111            0.75521146249
0 0 1 0 1.0
      4.1304342348           1.0000000
0 0 1 0 1.0
      0.96478113331          1.0000000
0 0 1 0 1.0
      0.43736648981          1.0000000
0 0 1 0 1.0
      0.11318605514          1.0000000
0 0 1 0 1.0
      0.57579423658D-01      1.0000000
0 0 1 0 1.0
      0.27018151462D-01      1.0000000
0 2 4 0 1.0
      9.1087343439           0.10192125262
      5.3495476626          -0.38460279534
      1.4870196599           0.53457134734
      0.90585473836          0.61724117143
0 2 1 0 1.0
      0.50141240214          1.0000000
0 2 1 0 1.0
      0.23286318145          1.0000000
0 2 1 0 1.0
      0.62000000000D-01      1.0000000
0 2 1 0 1.0
      0.21000000000D-01      1.0000000
0 3 4 0 1.0
     17.215377137            0.30147475909D-02
      5.8496916871          -0.28923836319D-01
      1.8232967249           0.25398642015
      0.86970233105          0.52725603860
0 3 1 0 1.0
      0.39461697588          1.0000000
0 3 1 0 1.0
      0.17084141240          1.0000000
0 3 1 0 1.0
      0.69272819629D-01      1.0000000
0 4 1 0 1.0
      1.9462500              1.0000000
0 4 1 0 1.0
      0.6554500              1.0000000
0 4 1 0 1.0
      0.2207400              1.0000000
0 5 1 0 1.0
      0.6467000              1.0000000
